<?xml version="1.0" encoding="UTF-8" standalone="no"?>
<svg
   version="1.1"
   width="157.06776"
   height="241.77223"
   viewBox="0,0,157.06776,241.77223"
   id="svg34"
   sodipodi:docname="look1.svg"
   inkscape:version="1.4.2 (f4327f4, 2025-05-13)"
   xmlns:inkscape="http://www.inkscape.org/namespaces/inkscape"
   xmlns:sodipodi="http://sodipodi.sourceforge.net/DTD/sodipodi-0.dtd"
   xmlns="http://www.w3.org/2000/svg"
   xmlns:svg="http://www.w3.org/2000/svg">
  <sodipodi:namedview
     id="namedview34"
     pagecolor="#ffffff"
     bordercolor="#000000"
     borderopacity="0.25"
     inkscape:showpageshadow="2"
     inkscape:pageopacity="0.0"
     inkscape:pagecheckerboard="0"
     inkscape:deskcolor="#d1d1d1"
     showgrid="false"
     inkscape:zoom="1.8972703"
     inkscape:cx="78.533882"
     inkscape:cy="120.96326"
     inkscape:window-width="1366"
     inkscape:window-height="705"
     inkscape:window-x="-8"
     inkscape:window-y="-8"
     inkscape:window-maximized="1"
     inkscape:current-layer="svg34" />
  <defs
     id="defs4">
    <inkscape:path-effect
       effect="roughen"
       id="path-effect49"
       is_visible="true"
       lpeversion="1.2"
       global_randomize="1;1"
       displace_x="1.03045;1"
       displace_y="1.59428;1"
       method="size"
       max_segment_size="3.09136"
       segments="2"
       handles="along"
       shift_nodes="true"
       fixed_displacement="false"
       spray_tool_friendly="false" />
    <linearGradient
       x1="306.40709"
       y1="230.17653"
       x2="326.11259"
       y2="306.19395"
       gradientUnits="userSpaceOnUse"
       id="color-1">
      <stop
         offset="0"
         stop-color="#470020"
         stop-opacity="0.87451"
         id="stop1" />
      <stop
         offset="1"
         stop-color="#000000"
         stop-opacity="0.38824"
         id="stop2" />
    </linearGradient>
    <linearGradient
       x1="338.49748"
       y1="230.17653"
       x2="317.48555"
       y2="306.19395"
       gradientUnits="userSpaceOnUse"
       id="color-2">
      <stop
         offset="0"
         stop-color="#470020"
         stop-opacity="0.87451"
         id="stop3" />
      <stop
         offset="1"
         stop-color="#000000"
         stop-opacity="0.38824"
         id="stop4" />
    </linearGradient>
    <filter
       inkscape:label="Basic Two Lights Bump"
       inkscape:menu="Bumps"
       inkscape:menu-tooltip="Two types of lighting emboss effect"
       style="color-interpolation-filters:sRGB;"
       id="filter49"
       x="-0.0080878296"
       y="-0.0055667852"
       width="1.0161773"
       height="1.0107973">
      <feColorMatrix
         result="result2"
         type="luminanceToAlpha"
         in="SourceGraphic"
         id="feColorMatrix46" />
      <feSpecularLighting
         specularConstant="0.5"
         surfaceScale="-15"
         specularExponent="10"
         result="result10"
         id="feSpecularLighting46">
        <feDistantLight
           elevation="20"
           azimuth="225"
           id="feDistantLight46" />
      </feSpecularLighting>
      <feDiffuseLighting
         diffuseConstant="0.5"
         surfaceScale="15"
         id="feDiffuseLighting47">
        <feDistantLight
           azimuth="225"
           elevation="20"
           id="feDistantLight47" />
      </feDiffuseLighting>
      <feComposite
         result="result11"
         in2="result10"
         operator="arithmetic"
         k2="0.5"
         k3="0.5"
         id="feComposite47" />
      <feComposite
         in="result11"
         result="result9"
         operator="arithmetic"
         k2="1"
         k3="1"
         in2="SourceGraphic"
         id="feComposite48" />
      <feComposite
         in2="SourceGraphic"
         operator="in"
         in="result9"
         id="feComposite49" />
    </filter>
  </defs>
  <g
     transform="translate(-253.71942,-59.04881)"
     id="g34"
     style="filter:url(#filter49)"
     inkscape:path-effect="#path-effect49">
    <g
       stroke-miterlimit="10"
       id="g33">
      <g
         stroke="#29000a"
         stroke-width="2.5"
         id="g6">
        <path
           d="m 344.74826,295.44473 c 0,0 -0.26869,1.00419 -0.57947,1.06586 -0.4877,-0.37563 -0.1178,0.32525 -0.65355,0.43548 -0.0942,0.32103 -1.73377,-0.0248 -2.80527,0.16453 -0.95725,-0.19668 -1.85318,0.0707 -2.84431,0.24054 -1.14329,-0.061 -2.11921,0.34622 -3.28005,0.54121 -1.21183,0.18304 -2.31292,0.54734 -3.64015,0.74404 -1.21138,0.34181 -3.01001,-0.0932 -4.50783,0.0498 -1.6191,-0.33632 -2.55442,0.54288 -4.00118,0.72905 -1.50374,0.1935 -3.3289,0.16658 -4.89365,0.15597 -1.07854,-0.007 -2.04719,0.11904 -3.21886,0.0993 -1.06083,0.11834 -2.46945,-0.0373 -3.76875,-0.0768 -1.22619,-0.0256 -2.49716,-0.0808 -3.79066,-0.13996 -1.26667,-0.0544 -2.82378,-1.06573 -4.13952,-1.14979 -1.42893,-1.01315 -2.60563,-0.71754 -3.81229,-0.80854 -1.40465,-0.6494 -2.16462,-0.16687 -3.36195,-0.27051 -1.08548,-0.0959 -2.68499,-0.22028 -3.98973,-0.36151 -1.20357,-0.10723 -2.38596,-0.25061 -3.53194,-0.41119 -1.12243,-0.13456 -2.19856,-0.28547 -3.24639,-0.48238 -1.00651,-0.14651 -1.18061,-0.34595 -2.11431,-0.59049 -0.31202,-0.23913 -2.41734,-1.7477 -3.42197,-2.15131 -0.69091,-1.31542 -1.05649,-0.4039 -1.54961,-0.62698 -0.54572,-0.22374 -1.12901,-0.51489 -1.58136,-0.81361 -0.41376,-0.24897 -0.28087,-0.27703 -0.53834,-0.62737 0.19131,-0.11919 -0.66298,-1.17283 -0.76297,-1.85921 -0.0818,-0.56131 -0.006,-1.12563 0.32326,-1.74718 0.3918,-0.5672 0.93455,-1.32977 1.70458,-1.83561 0.69942,-0.72778 1.58114,-1.20265 2.61572,-1.63759 0.95213,-0.67841 2.19264,-1.41126 3.43077,-1.77971 1.16087,-0.91836 2.41111,-0.77173 3.68214,-1.03578 1.25289,-0.3776 2.61458,-0.52652 3.88668,-0.70637 1.23557,-0.20985 2.35573,-1.09832 3.45989,-1.20077 1.0608,-0.89448 2.79652,0.19524 3.68303,0.27648 1.1544,0.32897 1.15391,0.2661 1.46558,0.29456 0.53032,0.0484 0.82396,0.1704 0.82396,0.1704 0,0 0.86777,0.14174 1.4428,0.22933 1.01383,0.16168 0.90479,-0.34081 1.64456,-0.23418 0.82381,-0.35974 2.46086,0.50263 3.82223,0.73031 1.35881,0.34156 2.23075,-0.74177 3.46398,-0.56748 1.22112,-0.93453 2.89022,0.77773 4.24318,1.20043 1.17152,0.36602 2.61334,0.61099 3.56162,0.62354 0.83241,0.011 1.66944,-0.29156 2.74659,-0.36457 0.96608,-0.34085 2.59212,0.10618 3.85829,-0.0228 1.42166,0.1715 2.24201,-0.43717 3.42724,-0.59362 1.19219,-0.34799 2.54732,-0.41178 3.78584,-0.5905 1.1859,-0.23754 2.16939,-1.31481 3.24043,-1.4723 0.92294,-1.13614 2.06473,-0.60863 2.95185,-0.57388 0.76634,-0.3769 1.50811,-0.51964 1.99804,-0.32457 0.34943,0.13912 0.66519,0.45062 0.66519,0.45062 l 0.65919,1.87722 0.8875,3.63416 0.76426,3.6062 1.43811,3.28313 0.54381,2.87482 z"
           fill="#2c0177"
           stroke-linecap="round"
           id="path4"
           inkscape:original-d="m 344.83788,296.848 c 0,0 -13.28412,2.81569 -27.29725,2.72069 -17.25666,-0.11698 -47.98424,-1.58777 -42.50162,-11.9493 3.52622,-5.10485 24.50444,-7.79845 24.50444,-7.79845 0,0 12.071,2.16239 18.02977,2.24128 6.65925,0.0882 23.13983,-2.8716 23.13983,-2.8716 z" />
        <path
           d="m 300.63878,279.67225 -0.33528,-3.32684 0.0572,-2.77338 -0.17548,-3.32601 0.2869,-2.80386 -0.16219,-3.25576 0.28801,-2.89331 -0.21541,-3.26825 -0.33203,-3.38708 0.0916,-2.47843 -0.13314,-3.1391 -0.0522,-2.95757 0.0257,-2.95887 0.27481,-3.0719 -0.49905,-4.13811 -0.1482,-2.1791 -0.4309,-3.51149 0.33621,-2.4935 0.14953,-2.89858 -0.56946,-3.93871 -0.49756,-2.627 -0.15541,-2.81273 -0.86463,-3.14104 2.73062,-1.0757 2.86137,0.19171 2.89375,0.29655 2.48575,-0.23977 2.74166,-0.0869 3.44094,0.61635 2.06444,-0.0946 2.73262,0.0647 2.82469,0.42679 0.80759,2.94892 0.95335,2.98137 0.54737,2.13889 0.95368,3.25584 1.46022,3.66481 0.60818,1.5057 0.96535,3.77403 0.76672,3.10021 1.30755,3.3243 0.51109,2.3399 1.17059,3.48436 0.53058,2.45513 0.62697,1.84098 0.74495,3.70616 1.43392,3.56139 0.97495,3.00617 0.62108,2.8127 0.73458,2.97729 0.62885,2.9987 0.5299,2.87448 1.0448,3.15377 0.87527,2.98911 0.79181,2.81123 0.75065,3.19632 -0.60555,3.01377 -2.85009,-0.34377 -3.15801,-0.59216 -2.98058,-0.73321 -2.64039,-0.18389 -3.18105,-0.46035 -3.20547,-1.20572 -2.75375,-0.46064 -2.96438,-0.42829 -3.09447,-0.81674 -2.83954,-0.31419 -2.92502,-0.25473 -3.15206,-0.52095 -2.71932,-0.0659 z"
           fill="#ae00db"
           stroke-linecap="butt"
           id="path5"
           inkscape:original-d="m 300.45463,279.44338 -2.8392,-67.04208 h 24.74402 l 19.5235,73.66389 z" />
        <path
           d="m 299.81752,279.01647 0.41731,-1.64019 -0.14119,-3.40105 0.61827,-2.90621 -0.10365,-3.11738 -0.30029,-3.33156 -0.21702,-2.93788 -0.20685,-3.02657 -0.13084,-2.93886 -0.25384,-3.2196 -0.23423,-3.1737 -0.31457,-3.39947 -0.0554,-2.49426 2.57471,-1.25155 2.52855,-1.52539 2.51744,-1.23487 3.2098,-1.03199 2.14946,-1.18875 2.87575,-0.82929 2.26797,-1.81978 3.22286,-0.71806 2.19216,-1.07116 2.54544,-1.28966 2.5999,-1.2804 0.77523,2.92879 0.87949,3.08574 0.75258,2.81651 0.74929,1.45066 1.11235,4.3378 0.58742,2.57371 0.94726,3.44842 1.01351,3.05373 0.59721,2.55319 0.71081,2.77997 0.75123,2.752 0.71727,3.16731 1.13455,3.33526 0.68809,2.80665 0.83082,3.12695 1.23768,2.99806 0.27825,2.39369 0.52912,3.23767 0.65298,3.08134 -2.78787,-0.29143 -2.5807,-0.39442 -3.26758,-0.22439 -3.33272,-0.31898 -2.8497,-0.18563 -3.64472,-0.85688 -2.40029,-0.35717 -3.66498,-1.22235 -2.90324,-0.63466 -2.7694,-0.28707 -2.67927,-0.25164 -3.57955,-0.47507 -2.9446,-0.16148 z"
           fill="url(#color-1)"
           stroke-linecap="butt"
           id="path6"
           inkscape:original-d="m 300.00353,280.11006 -1.13502,-36.69667 28.66948,-13.23686 14.84241,55.88867 z" />
      </g>
      <g
         stroke="#29000a"
         stroke-width="2.5"
         id="g9">
        <path
           d="m 303.98725,279.23374 c 0,0 -0.3868,-0.005 0.0755,0.0753 0.45802,0.0724 1.26457,0.37132 2.08984,0.51014 0.91676,0.30671 1.83284,0.44106 2.84976,0.59724 1.16613,0.32033 2.05006,0.063 3.23499,0.21971 1.15108,-0.0899 2.69586,0.44176 4.04525,0.61561 1.33586,0.25481 2.51299,0.2913 3.72438,0.41407 1.23027,0.10729 2.64132,0.44115 3.73446,0.51173 1.08314,0.07 2.22724,-0.0932 3.06388,-0.10427 0.99336,-0.0131 1.98771,-0.61519 3.22118,-0.72495 1.10313,-0.64307 2.67891,-0.17618 4.03188,-0.31248 1.35963,-0.064 2.80492,-0.0181 4.01676,-0.15507 1.39161,0.11972 2.42555,-0.25045 3.34903,-0.40064 1.11264,-0.11516 2.09736,0.034 2.61748,-0.0879 0.57735,-0.13525 0.42859,-0.76653 0.42859,-0.76653 0,0 0.25289,-0.40965 0.74881,-0.39929 0.48095,-0.3997 1.22326,-0.64455 2.12302,-0.5926 0.89344,-0.63004 1.95021,0.091 3.13683,0.22661 1.13606,0.0802 2.65354,0.44386 3.9788,0.66831 1.44692,0.34263 2.61701,0.54759 3.88106,0.8344 1.41211,0.3885 2.57551,-0.36019 3.80285,0.0206 1.39161,-0.55277 2.89052,1.19714 4.06761,1.94284 1.10543,0.73136 1.78881,1.24551 2.4674,1.92272 0.71367,0.71222 1.06027,0.74532 1.43563,1.47852 0.31203,0.6095 0.45055,0.75792 0.5151,1.31975 0.0351,0.25601 -0.007,1.3725 -0.26781,2.00025 -0.18171,0.48983 -0.5048,0.88103 -0.87095,1.31539 -0.39917,0.40272 -0.93919,0.6781 -1.47404,1.08587 -0.65011,0.22349 -1.14737,0.82695 -1.83783,1.2073 -0.6818,0.40064 -1.43056,0.77451 -2.26235,1.12536 -0.80892,0.37901 -1.72303,0.71091 -2.68965,1.03325 -0.93485,0.33752 -1.93076,0.6707 -3.00356,0.95971 -1.01232,0.33133 -1.86244,0.89794 -3.02719,1.15347 -0.88111,0.60286 -2.52568,0.0911 -3.83381,0.31159 -1.23815,-0.21748 -2.4917,0.36528 -3.75452,0.54675 -1.25747,0.14285 -2.4328,0.40555 -3.68439,0.55993 -1.21737,0.21806 -2.68244,0.0247 -3.94896,0.15142 -1.35755,-0.15163 -2.43063,0.23631 -3.61224,0.35482 -1.22967,0.11278 -2.37264,0.3023 -3.5383,0.40561 -1.13343,0.16669 -2.4378,-0.1722 -3.55759,-0.12239 -1.10958,0.0494 -2.03043,0.47245 -3.03879,0.47929 -1.55719,0.0106 -3.10324,-0.0126 -4.6253,-0.0671 -1.52065,-0.0517 -3.12123,-0.35337 -4.57445,-0.45707 -1.51299,-0.31646 -2.78643,-0.22806 -4.09656,-0.35312 -1.35316,-0.1399 -2.56799,-0.17574 -3.77452,-0.31622 -1.174,-0.0535 -2.39996,-0.30384 -3.45902,-0.45238 -1.04023,-0.15433 -1.81537,-0.26437 -2.64412,-0.39663 -0.72414,-0.11774 -1.07367,-0.19686 -1.70827,-0.30879 -0.12484,-0.0491 -1.01607,-0.14487 -1.49051,-0.22524 -0.29289,-0.0496 -0.5317,0.15489 -0.5317,0.15489 l 0.71681,-2.94794 0.64695,-3.48938 1.18501,-2.2697 0.42515,-4.19712 0.72742,-1.78654 z"
           fill="#2c0177"
           stroke-linecap="round"
           id="path7"
           inkscape:original-d="m 303.34916,279.19061 c 0,0 16.42973,2.95977 23.09048,2.8716 5.96013,-0.0789 18.06829,-2.24128 18.06829,-2.24128 0,0 22.34096,-0.14667 25.81116,6.63178 5.30455,10.36153 -26.88906,12.99899 -44.14773,13.11597 -14.01477,0.095 -27.25049,-2.72069 -27.25049,-2.72069 z" />
        <path
           d="m 301.94523,285.77671 1.03859,-2.5486 1.02744,-2.98275 0.82341,-2.93552 0.8074,-3.66355 1.61556,-2.25308 0.59663,-3.08797 1.01931,-2.40437 0.76844,-3.26103 0.74265,-2.88911 0.88652,-2.83866 0.84828,-3.00793 1.49001,-2.95736 0.55654,-3.22515 0.63597,-2.66238 0.7096,-3.25206 0.60686,-2.99118 0.65619,-2.84508 0.80922,-2.7982 0.73165,-3.00658 1.03957,-2.88713 1.30837,-2.71665 0.53716,-3.34984 0.45296,-3.01975 1.17189,-2.61142 0.44559,-3.00636 3.00904,0.23059 3.10404,0.0893 1.92094,-0.21543 3.02737,0.228 2.47814,-0.0733 3.20046,-0.0247 2.27315,-0.10475 3.1504,0.15954 1.99759,-0.87791 -0.23917,2.87947 0.30262,3.409 -0.0611,2.81704 -0.21744,2.15138 -0.33285,3.39888 -0.21991,2.92449 -0.20085,3.3855 0.23181,3.13479 -0.29005,2.6749 -0.3838,2.19114 -0.40974,2.96535 -0.0182,3.98755 -0.21156,2.9397 0.21941,3.40447 -0.25635,1.73043 -0.11216,4.08449 0.31931,3.02563 0.0669,3.18821 -0.45967,2.59574 0.0208,3.27886 -0.80933,2.11433 -0.42997,3.5721 -0.53514,2.86925 -2.8362,0.54019 -3.04234,0.38881 -2.98984,0.27985 -2.82037,0.49554 -2.93105,0.41865 -2.60974,0.59466 -3.1723,0.44203 -3.23008,0.18225 -3.08823,-0.0991 -2.97415,-0.0177 -2.78904,0.5673 -3.00515,0.52524 -2.99,0.13808 z"
           fill="#ae00db"
           stroke-linecap="butt"
           id="path8"
           inkscape:original-d="m 302.06111,286.0652 20.78949,-73.66389 h 24.74402 l -4.1515,68.37541 z" />
        <path
           d="m 302.12543,286.1808 0.67412,-2.7763 0.74074,-3.3607 0.83722,-2.71474 0.63868,-3.49418 1.19501,-2.26925 0.6053,-3.91562 0.93149,-1.90401 0.8501,-3.09951 0.60144,-3.9539 0.56461,-2.15793 0.81507,-3.295 0.78311,-2.52541 0.77381,-3.08919 0.6843,-3.11747 0.99297,-2.57438 0.93168,-2.94129 0.87037,-2.96945 1.31738,-2.6245 0.18474,-3.8852 2.72812,1.3159 2.39107,0.041 3.22525,1.80179 2.7681,1.35004 2.22628,1.16115 2.54446,1.30167 2.46202,0.37465 3.04257,1.9223 2.50244,1.62379 2.36956,1.48816 2.65186,1.61357 -0.30188,2.45302 -0.0513,3.38981 0.67585,2.78578 -0.28748,2.85582 -0.24058,2.92942 -0.35687,2.06603 -0.16255,3.77191 -0.11795,2.8375 -0.32013,2.64885 -0.15531,3.04163 0.23873,3.03174 -0.48466,2.76404 -0.33497,2.70881 -3.11658,0.20522 -2.39379,0.61247 -3.61662,0.39742 -2.67622,0.69758 -3.48645,-0.39003 -3.00646,0.39814 -3.1728,-0.0533 -2.93104,0.5218 -2.49255,0.80779 -3.51977,0.47641 -3.28043,-0.28438 -2.96567,0.41878 -2.88756,0.81455 z"
           fill="url(#color-2)"
           stroke-linecap="butt"
           id="path9"
           inkscape:original-d="m 301.56366,286.0652 15.80291,-55.88867 28.44199,13.23686 -2.0321,37.36333 z" />
      </g>
      <g
         stroke="#29000a"
         stroke-width="2.5"
         stroke-linecap="butt"
         id="g11">
        <path
           d="m 380.52196,117.82689 c -0.75881,0.7008 -1.76678,0.95344 -2.5787,1.76235 -0.99075,0.43992 -1.65963,1.77639 -2.53418,2.67124 -0.76208,0.8758 -1.6966,0.33483 -2.51883,1.1337 -1.056,-0.36605 -2.0282,1.99954 -2.98472,2.89547 -0.7125,0.6636 -0.9923,1.34006 -1.63998,1.83107 -0.28469,0.59161 -1.36473,0.92543 -2.02068,1.11809 -0.54062,0.1832 -0.99774,0.32216 -1.47311,0.16624 -0.54155,-0.17761 -0.89625,-0.55182 -1.23016,-1.23198 -0.33321,-0.67871 -0.32027,-1.55744 -0.22736,-2.6507 0.17049,-1.0079 0.55881,-2.10278 0.84433,-3.25362 0.50591,-0.9165 0.55809,-2.30804 0.75041,-3.13658 0.17789,-0.76637 0.60424,-1.22045 0.60424,-1.22045 0,0 -0.73594,-0.58217 -1.667,-0.61046 -1.0497,-0.55354 -2.05299,0.22361 -3.28304,0.4682 -1.23521,0.24562 -2.74347,-0.0212 -3.74093,0.40736 -1.32158,0.5678 -1.99489,1.29233 -3.19119,1.61485 -0.78867,0.64989 -2.72101,0.55772 -3.92474,0.54467 -0.99839,-0.008 -1.91341,-0.15612 -2.68944,-0.43516 -0.73426,-0.26402 -1.36869,-0.90974 -1.82269,-1.4128 -0.47483,-0.52614 0.10789,-0.7858 0.0244,-1.57227 -0.0316,-0.29787 0.43846,-0.63296 0.94734,-1.31072 0.67912,-0.47753 1.27,-1.48742 2.04668,-2.35489 0.80703,-0.81843 1.43039,-2.11804 2.18653,-2.92151 0.58122,-1.16042 1.25447,-2.11478 1.79123,-2.54032 0.57151,-0.4531 1.18293,0.0794 1.18293,0.0794 0,0 -0.3329,-0.33986 -0.8159,-0.87854 -0.48868,-0.55256 -1.14637,-1.35724 -1.77499,-2.2117 -0.6501,-0.9172 -1.26962,-1.87896 -1.71219,-2.81774 -0.48588,-1.04385 -0.72072,-2.117934 -0.65408,-2.940599 0.0688,-0.84869 0.32692,-2.003139 1.27347,-2.547705 0.32139,-0.184903 1.1482,-0.28973 2.09776,-0.362693 0.95569,-0.06133 2.19433,-0.0573 3.03434,-0.07155 0.84245,-0.01429 1.22588,-0.157033 1.22588,-0.157033 0,0 -0.3556,-0.657893 -0.58173,-1.118145 -0.3601,-0.796182 -0.15582,-0.848968 -0.28718,-1.463136 0.0758,-0.736561 -0.15386,-1.615124 0.0616,-2.733801 0.19932,-1.034724 0.4826,-2.463169 1.44501,-3.692739 0.14106,-0.180215 0.34469,-0.563158 0.83544,-0.674527 0.38559,-0.350535 1.07862,-0.620008 1.91253,-0.630191 0.69619,-0.448399 2.63928,0.113434 3.71399,0.258442 1.6426,0.157678 1.72697,0.294765 2.53702,0.471332 1.25991,0.289474 2.39,0.691569 3.57158,1.045423 1.16708,0.349514 2.60205,0.79771 3.95262,1.254992 0.55538,0.188042 1.26064,0.215773 2.08697,0.484809 0.81408,0.09607 1.78056,-0.373855 2.7093,0.10336 0.97719,-0.50364 2.30135,1.730701 3.12633,2.814927 0.66054,0.868119 0.95031,1.639617 1.34595,2.518065 0.40413,0.897295 0.62424,1.632158 0.88855,2.665795 0.17098,0.862637 0.47277,2.029884 0.60955,3.237681 0.11628,0.93451 0.22624,2.44447 0.22836,3.67368 0.0274,1.15801 -0.20342,1.70238 -0.3081,2.80384 -0.27182,0.70519 -0.30428,2.49499 -0.53609,3.70526 -0.20592,0.99366 -0.19514,2.17124 -0.47208,3.07792 -0.0364,1.056 -0.14724,1.83385 -0.55923,2.49452 -0.43581,0.6989 -0.57871,1.11962 -1.04994,1.55481 z"
           fill="#ae00db"
           id="path10"
           inkscape:original-d="m 380.44275,117.71611 c -6.07055,5.60634 -14.31729,15.97351 -17.10859,10.28784 -1.33282,-2.71484 1.86491,-10.13492 1.86491,-10.13492 0,0 -5.22396,-0.46902 -8.21007,0.81393 -6.6079,2.83901 -12.19648,2.20799 -12.63255,-1.90186 -0.15801,-1.48935 8.97147,-8.96558 8.97147,-8.96558 0,0 -8.07789,-8.03267 -3.46654,-10.68567 0.96418,-0.55471 6.23776,-1.15057 6.23776,-1.15057 0,0 -3.08725,-4.21135 0.65463,-8.99196 0.84635,-1.08129 8.5016,-1.15583 16.10862,1.41978 2.22151,0.75217 7.74883,2.01694 9.55332,6.02348 3.23304,7.17836 1.92307,19.68744 -1.97295,23.28554 z" />
        <path
           d="m 334.03142,164.55921 0.96573,-2.59408 0.68355,-3.08902 1.08568,-2.42007 0.56998,-3.14533 0.71552,-2.45451 0.70318,-4.21095 0.63502,-1.19189 1.26212,-2.92164 0.93798,-2.38949 0.39832,-3.29891 0.44094,-2.6301 0.46037,-2.83089 c 3.5e-4,0.002 0.031,-0.11182 0.32402,0.12605 0.20053,0.0182 1.36386,0.75282 2.00222,1.24546 0.99373,0.4401 1.32052,1.09145 1.9018,1.52374 0.98009,0.8162 1.30954,0.88498 2.06847,1.41801 0.88928,0.54623 1.93049,1.33779 2.9897,2.01804 1.03123,0.66904 2.82193,1.4968 3.93157,2.12761 1.63023,0.69799 2.21907,1.1171 3.14275,1.57727 1.41734,0.61668 1.97405,0.78978 2.98185,1.18897 1.10833,0.28147 2.21722,0.58578 3.34893,0.8514 1.01933,0.002 2.30978,0.47423 3.38496,0.48485 1.04966,0.0484 2.22682,0.0623 3.13048,-0.2534 1.13754,-0.1307 1.63071,-1.19406 2.32046,-1.96261 0.66096,-0.73648 1.86476,-1.30539 2.40362,-2.43684 0.86087,-1.80759 1.18892,-3.30294 1.12751,-4.55491 -0.0554,-1.24687 -0.54019,-2.56935 -1.21628,-3.36924 -0.67633,-1.07461 -1.37651,-1.17162 -2.29871,-1.58371 -0.90233,-0.304 -2.32797,-1.34552 -3.35792,-1.53236 -1.1247,-0.76743 -1.5909,0.0653 -2.18135,0.17211 -0.60996,0.1103 -1.17049,0.0114 -1.17049,0.0114 l 0.43722,-2.71559 -0.11087,-3.74083 0.0925,-2.46078 0.062,-3.12564 0.38507,-2.44934 -0.0417,-4.19754 0.11028,-1.68333 0.31783,-2.90427 0.0429,-3.12187 0.375,-2.440044 0.60746,-2.992695 -0.18343,-3.424199 0.53013,-2.498556 0.15908,-2.961042 -0.7652,-2.946725 c -3.6e-4,-4.1e-4 0.0804,0.01823 0.18775,-0.01396 0.13003,0.0059 0.23999,-0.111585 0.43969,-0.16428 0.18883,-0.09068 0.49075,-0.09832 0.79292,-0.166084 0.31749,-0.04504 0.49492,-0.377983 0.86665,-0.446171 0.27518,-0.317848 1.02543,0.02187 1.51726,-0.04331 0.58153,0.114342 0.86597,-0.09199 1.33302,-0.133008 0.52788,-0.0329 1.08786,-0.06141 1.66286,-0.08072 0.59298,-3.19e-4 1.53177,0.324481 2.15111,0.340567 0.86883,0.360703 0.86734,-0.442737 1.39857,-0.401593 0.57562,-0.424911 1.53799,0.216295 2.31158,0.341747 0.73411,0.182883 1.97191,0.301826 2.6801,0.476269 1.13881,0.185925 1.38062,0.372738 1.93834,0.551465 0.94495,0.295733 1.23638,0.06362 1.90919,0.346981 0.75193,-0.03668 1.62523,0.445236 2.47878,0.937673 0.75803,0.15103 1.68782,1.038928 2.52234,1.679127 0.7463,0.565079 1.48307,1.15329 2.21479,1.864972 0.71415,0.642587 1.39144,1.398387 2.09059,2.252566 0.63886,0.757006 1.83041,1.983235 2.48639,2.985303 1.01723,1.065421 1.09659,1.761037 1.61287,2.728243 0.5863,1.098269 1.19074,2.339422 1.71754,3.594802 0.56008,1.29077 0.87395,1.75765 1.32419,3.13858 0.39955,0.83618 1.00794,3.34695 1.44532,5.22144 0.36705,1.56648 0.65856,3.14779 0.95691,4.8966 0.26131,1.69052 0.96617,3.77846 1.19663,5.73427 0.62053,2.04751 0.27792,3.69376 0.37087,5.7407 0.006,1.99789 0.0451,3.97603 0.0723,6.37184 0.0269,2.36174 0.16878,5.32982 0.1325,7.84197 -0.0249,1.72094 -0.11923,3.36604 -0.29322,4.91881 -0.16611,1.55992 -0.20252,3.27654 -0.51481,4.66627 -0.0827,1.59089 -0.65945,2.59323 -1.07767,3.7844 -0.43987,1.2565 -0.94887,0.96799 -1.51161,2.07435 -0.75572,0.0121 -1.50481,2.88114 -2.45303,4.11656 -0.59482,0.96001 -1.48735,1.2743 -2.28058,2.0604 -0.87996,0.35002 -1.60893,1.73546 -2.54269,2.43854 -0.73719,0.78381 -1.53851,1.46153 -2.46561,2.00466 -0.73692,0.7802 -1.94174,1.04416 -2.95571,1.49949 -1.00092,0.42988 -1.91119,0.95644 -2.95593,1.31229 -0.96833,0.47641 -2.19054,0.63933 -3.30605,0.91625 -1.12061,0.22799 -2.27784,0.2447 -3.40675,0.43925 -1.19596,-0.0642 -1.89681,0.35922 -3.04757,0.4845 -0.91383,0.14696 -2.66205,-0.11045 -3.96683,-0.0477 -1.24458,-0.29316 -2.27522,0.15416 -3.44423,0.1578 -1.1602,0.0739 -2.25935,0.1427 -3.47178,0.0963 -1.0885,0.11374 -2.50237,-0.10701 -3.74971,-0.20335 -1.18564,-0.0771 -1.6385,-0.13336 -2.81505,-0.26328 -0.67477,-0.0851 -1.99701,-0.15289 -3.38512,-0.35483 -0.58938,-0.0205 -2.78704,-0.37424 -4.17047,-0.61934 -1.07431,-0.13609 -2.23686,-0.43418 -3.31664,-0.65033 -1.06076,-0.2362 -1.69556,-0.19217 -2.69212,-0.41098 -0.75763,-0.0156 -2.2361,-0.50226 -3.29838,-0.76045 -0.92206,-0.22117 -1.81572,-0.44675 -2.67033,-0.6699 -0.84356,-0.2169 -1.60809,-0.37928 -2.37143,-0.59091 -0.72989,-0.15528 -0.8278,-0.11888 -1.50617,-0.31927 -0.21186,0.0432 -1.0126,-0.24366 -1.77909,-0.49632 -0.0191,0.0423 -1.53659,-0.57473 -2.20712,-0.81752 -0.40699,-0.19768 -0.81779,-0.86778 -1.11455,-0.97063 -0.50323,-0.75073 -0.70914,-0.15507 -0.80494,-0.0319 -0.0271,0.0349 0.0182,0.38143 0.0182,0.38143 z"
           fill="#420057"
           id="path11"
           inkscape:original-d="m 333.94941,164.45723 8.94496,-33.04739 c 0,0 26.51275,22.20927 33.35598,7.84032 5.16521,-10.84558 -8.50412,-10.73352 -8.50412,-10.73352 l 1.9855,-43.75594 c 0,0 40.78327,-13.36431 39.7875,55.58692 -0.77045,53.34914 -75.56981,24.1096 -75.56981,24.1096 z" />
      </g>
      <g
         stroke-width="2.5"
         stroke-linecap="butt"
         id="g13">
        <path
           d="m 315.13965,128.95305 0.37702,-2.1398 0.34566,-3.48173 0.4517,-1.67229 0.80683,-2.61207 0.51169,-2.98133 0.4192,-2.88796 0.76853,-2.39764 0.4857,-2.94146 0.11999,-4.12009 2.7741,0.52722 2.7862,0.41398 0.23425,2.32455 0.36471,2.87275 0.66277,3.49322 0.37979,2.37267 0.76291,3.37176 0.27013,2.4225 0.39945,2.87409 0.54944,3.10615 0.47768,2.91631 -2.58167,0.14353 -2.78306,0.0409 -3.08515,-0.45299 -2.81046,-0.42986 z"
           fill="#ae00db"
           stroke="#29000a"
           id="path12"
           inkscape:original-d="m 315.18564,129.94923 4.2809,-25.04328 h 5.56517 l 3.85281,25.25732 z" />
        <path
           d="m 316.49765,122.85338 0.50576,-3.01768 0.95082,-2.74083 0.6206,-2.9852 0.26489,-3.28947 0.24156,-3.15268 0.71131,-2.44979 2.59087,-0.23538 3.26108,0.18517 0.37853,2.80402 0.31711,2.31104 0.86975,3.57248 0.27658,2.42997 0.55902,3.02734 0.27787,2.60287 0.63694,2.9823 0.63994,2.57649 -0.61545,2.79736 -2.71224,-2.44139 -2.1261,-1.14806 -2.57272,-1.32076 -2.81896,-1.88384 z"
           fill="#3c000f"
           stroke="none"
           id="path13"
           inkscape:original-d="m 316.33905,122.75223 3.12748,-17.84627 h 5.56517 l 3.85281,25.25732 z" />
      </g>
      <path
         d="m 286.17775,237.09232 c 0,0 -0.14061,-0.55121 -0.12586,-0.7896 -0.0792,-0.58748 0.001,-0.44861 0.0193,-0.70596 0.006,-0.49246 -0.14527,-1.92004 -0.094,-2.56501 -0.18247,-1.36526 -0.0428,-1.07256 5e-5,-1.53623 -0.0418,-1.00046 0.53036,-1.29683 0.6336,-2.21036 0.49041,-0.73942 0.29624,-2.10151 0.43154,-3.34024 0.17811,-1.05122 0.21937,-2.38883 0.35934,-3.66971 0.0994,-1.26754 0.22929,-2.60588 0.38685,-3.93424 0.10659,-1.41585 0.52934,-2.40954 0.71803,-3.78573 0.39865,-1.20046 0.31774,-3.90499 0.49435,-5.47576 0.16471,-1.46498 0.18402,-2.55345 0.42425,-4.04484 0.16336,-1.0142 0.3127,-2.39792 0.52514,-3.35336 0.14388,-1.23255 1.12286,-1.4824 1.33873,-2.27246 0.98027,-0.73621 0.6945,-1.55147 0.95748,-2.40671 0.47921,-0.70994 0.6669,-1.71812 0.96072,-2.61614 0.38169,-0.77135 0.52401,-2.15343 0.81378,-3.02841 0.19092,-1.13864 0.84404,-1.15902 1.08893,-1.8938 0.65877,-0.6014 0.86432,-1.78712 1.14462,-2.73125 0.52473,-0.81517 0.4971,-2.33882 0.71821,-3.25261 0.17855,-1.31351 0.28517,-2.74069 0.44556,-3.47773 0.0657,-1.85828 0.18586,-1.3209 0.31101,-1.83842 0.1658,-1.16359 0.721,-1.5706 0.95926,-2.5485 0.2144,-0.88002 0.53589,-1.83264 0.71832,-3.12934 0.1323,-0.94041 0.0648,-2.35901 0.17068,-3.45735 -0.0908,-1.37744 0.29096,-1.92194 0.36848,-3.0063 0.19921,-1.14303 0.16275,-4.1078 0.22953,-5.45328 0.0365,-2.36668 -0.0215,-2.72764 0.0115,-3.55791 -0.0582,-2.10193 -0.064,-2.3248 -0.0327,-3.33835 -0.10007,-1.58709 0.0265,-2.71192 0.056,-3.97704 -0.0168,-1.46263 0.14064,-2.58643 0.1629,-3.85524 0.10686,-1.29051 -0.0346,-2.77229 -0.0222,-4.01609 -0.0635,-1.32445 0.0668,-2.27245 0.0741,-3.34254 0.0533,-1.08189 0.25323,-2.14657 0.25393,-3.12143 0.2427,-0.92789 -0.18113,-2.95194 -0.20813,-3.74188 -0.17597,-1.41847 -0.0184,-0.64901 -0.0267,-0.91375 -0.0159,-0.61094 -0.14075,-1.80345 -0.14723,-2.06259 -0.009,-0.36541 0.0739,0.28884 0.0739,0.28884 l 2.88287,-0.37599 3.21621,-0.0387 2.97923,-0.16198 3.39152,0.0834 2.66907,-0.87876 3.30124,0.17858 3.77695,0.28337 2.19076,-0.24078 3.63865,0.42053 2.90593,0.33622 2.71243,0.0313 3.51427,0.41807 2.98827,0.0919 2.68753,-0.1614 c 6.6e-4,0.005 0.55464,0.16491 0.54173,0.38309 0.54842,0.26177 0.0628,0.64086 0.035,1.05191 0.0709,0.49669 -0.0815,0.82772 -0.11767,1.37841 -0.0618,0.56125 -0.17567,0.77687 -0.2201,1.54782 -0.14393,0.37499 -0.33111,0.91114 -0.37766,2.01173 -0.27824,0.18881 -0.14843,2.33338 -0.17437,3.73671 -0.0793,0.94075 -0.2261,1.76796 -0.22651,2.95463 -0.19591,0.83592 -0.22589,1.96694 -0.19253,3.3636 -0.20761,0.77916 0.0236,2.27483 0.10759,3.83244 0.01,0.84013 0.14064,2.99883 0.26801,4.61863 0.0636,1.31837 0.71522,3.04351 0.85817,4.48314 0.6125,1.57997 0.20396,2.59728 0.30114,3.9247 0.0745,1.39175 0.14582,2.81795 0.27992,4.27994 0.13851,1.51016 0.37696,2.02933 0.59639,3.40824 0.19704,1.23821 1.21617,2.52382 1.48571,3.76383 1.03516,1.20884 0.56218,2.35511 0.85293,3.50894 0.33979,1.24031 0.58385,2.34421 0.91761,3.53003 0.30015,1.15332 0.4518,1.7265 0.81409,2.90927 0.17514,0.68178 0.89398,2.80713 1.33355,4.14626 0.38156,1.11815 0.61856,1.53313 0.96304,2.55173 0.31748,0.60087 0.75412,2.28384 1.13187,3.4195 0.26755,0.85637 0.68819,1.95303 0.97301,2.83207 0.3214,0.86372 1.09332,1.70928 1.29896,2.39736 0.80149,0.83364 0.55113,1.56003 0.55424,2.06466 0.004,0.57468 -0.51169,0.30215 -0.43758,0.70396 0.27269,1.47841 0.4579,1.87651 0.70599,3.34327 0.23249,0.73891 0.45553,2.76015 0.72758,4.55012 0.11989,0.84817 0.51835,3.4434 0.7511,5.12113 0.19958,1.38242 0.64576,2.96322 0.81604,4.27759 0.43214,1.45452 0.35326,2.45069 0.48616,3.5879 0.19118,1.25355 0.70141,2.69064 0.81428,3.77975 0.53684,1.32092 0.15983,1.85798 0.22488,2.71799 0.0531,0.96137 0.13657,1.92093 0.17573,2.75213 0.0453,0.82947 0.18441,1.6742 0.19739,2.31795 0.13473,0.72496 0.3108,1.3403 0.29269,1.7602 0.28705,0.68493 -0.20689,0.6398 -0.31213,0.81458 -0.0993,0.16497 -0.0698,0.37823 -0.0698,0.37823 l -2.46365,-1.33056 -2.99715,-1.97952 -2.30661,-1.2635 -2.82671,-1.86442 -2.16238,-1.13489 -3.04755,-2.53774 -1.77609,-0.75009 -2.44741,-1.22319 -3.47949,-2.19939 -2.21525,-0.94846 -2.52876,-1.26763 -2.98157,-1.39207 -2.72264,-1.28954 -2.28153,-1.16485 -2.74461,1.25273 -2.61349,1.55836 -2.71945,0.42835 -3.16435,1.51972 -2.62654,1.42596 -2.65372,1.48828 -2.86081,1.05943 -2.68313,1.6683 -2.44982,1.68678 -2.71944,1.32985 -2.33952,1.82949 -2.65509,0.74327 -2.85328,2.15934 z"
         fill="#4f0080"
         stroke="#29000a"
         stroke-width="2.5"
         stroke-linecap="butt"
         id="path14"
         inkscape:original-d="m 286.11924,237.09232 c 0,0 0.84899,-15.04047 3.5032,-31.51889 1.96033,-12.17046 7.5832,-20.21858 9.43547,-33.38431 1.85226,-13.16573 1.34029,-43.20891 1.34029,-43.20891 h 42.83687 c 0,0 -1.54623,21.83619 1.66993,42.04649 2.16746,13.62028 9.227,26.68405 10.04875,31.13926 3.27228,17.74091 4.60013,34.92637 4.60013,34.92637 l -36.73289,-20.56849 z" />
      <path
         d="m 344.94443,98.100194 c 0,1.044223 -0.83474,0.764307 -0.97132,1.771072 -0.35702,0.190824 -0.56935,2.494134 -0.97355,3.786004 -0.38969,0.7836 -0.77901,1.24587 -1.19261,2.16815 -0.57278,0.34981 -0.87632,2.09171 -1.45347,3.05757 -0.3786,0.8771 -1.02861,0.98517 -1.5842,1.73209 -0.66896,0.26555 -1.48668,1.32923 -2.21401,2.12312 -0.82243,0.3592 -1.44479,1.06615 -2.15817,1.72665 -0.81958,0.31934 -1.31403,1.46789 -2.07571,2.07015 -0.59408,0.74526 -1.3396,1.11437 -2.12487,1.59147 -0.69466,0.51792 -1.51409,1.19426 -2.43435,1.5642 -0.72553,0.6141 -1.17873,0.7348 -2.22498,0.8775 -1.03248,0.14082 -2.70785,0.21236 -3.70689,0.21236 -1.04423,0 -2.05738,-0.0501 -3.06624,-0.18851 -0.99998,-0.11792 -2.21757,-1.32008 -3.18813,-1.59051 -0.99775,-1.194 -1.37774,-0.39731 -2.1308,-0.68717 -0.77349,-0.29058 -1.84285,-0.74837 -2.73652,-1.22714 -0.81646,-0.41563 -1.38239,-0.74022 -2.17511,-1.30018 -0.56917,-0.38717 -1.37697,-1.18352 -2.17023,-1.92808 -0.42056,-0.59439 -0.95289,-1.16966 -1.6389,-1.99961 -0.16358,-0.53136 -0.96394,-1.53455 -1.60452,-2.52491 -0.14288,-0.63787 -1.38243,-2.83122 -1.90849,-3.83915 -0.54754,-1.58017 -0.63451,-1.26935 -0.89241,-1.83095 -0.44713,-0.9995 -0.73337,-1.75457 -0.95994,-2.6468 -0.23832,-0.93853 -0.63288,-2.672476 -0.63288,-3.800436 0,-1.044222 0.41106,-1.858888 0.55084,-2.856327 0.48351,-0.824875 0.72129,-1.790386 1,-2.768446 0.63486,-0.705817 0.60415,-1.884165 0.98884,-2.784082 0.36873,-0.857346 0.72227,-2.305621 1.18544,-3.105683 0.32992,-1.291399 0.8176,-1.35807 1.27501,-1.975613 0.56164,-0.791552 1.03946,-1.87532 1.6929,-2.539076 0.50995,-1.056835 1.26909,-1.498826 1.9975,-2.038381 0.71579,-0.826769 1.56946,-1.131599 2.43645,-1.565952 0.85727,-0.500551 1.80104,-0.86215 2.77388,-1.167194 0.92209,-0.342375 1.94053,-0.510134 2.95204,-0.682919 0.99132,-0.152421 2.09363,-0.148361 3.11302,-0.22493 1.01284,-0.07608 1.98546,-0.238065 3.03095,-0.238065 1.04422,0 2.0413,0.0207 3.04734,0.157159 0.98975,0.08858 2.09565,0.367945 3.06768,0.638036 1.01132,0.282525 2.43033,0.93873 3.31028,1.310892 1.28313,0.655552 1.59929,0.681411 2.24898,1.036626 1.02718,0.497379 1.98404,1.289367 2.70215,1.810047 1.07418,0.842063 1.20962,0.884452 1.77869,1.407971 0.71005,0.613126 1.3948,1.333124 2.01685,2.123808 0.58601,0.700538 1.29157,1.736266 1.79148,2.642569 0.55251,0.908724 0.75888,0.951964 1.09634,1.857341 0.30054,0.318863 0.84313,2.404247 1.09653,3.714734 0.29763,1.047548 0.0525,1.222949 0.12428,2.191991 0.0768,1.036911 0.94083,2.924884 0.94083,3.938604 z"
         fill="#ae00db"
         stroke="#29000a"
         stroke-width="2.5"
         stroke-linecap="butt"
         id="path15"
         inkscape:original-d="m 344.35442,97.94949 c 0,12.53067 -10.15811,22.68878 -22.68878,22.68878 -12.53067,0 -22.68878,-10.15811 -22.68878,-22.68878 0,-12.53066 10.15811,-22.68878 22.68878,-22.68878 12.53067,0 22.68878,10.15812 22.68878,22.68878 z" />
      <g
         stroke="#29000a"
         stroke-linecap="round"
         id="g31">
        <path
           d="m 350.25903,119.54137 c -0.84277,0.40968 -1.81244,0.26923 -2.67444,0.36968 -0.92713,-0.2824 -1.79825,-0.46266 -2.59323,-0.55154 -0.93877,-0.63764 -1.39219,-0.10053 -2.09745,-0.25292 -0.71793,-0.082 -0.98343,-0.30325 -1.75032,-0.64066 -0.71819,-0.31598 -2.14079,-1.53952 -2.73259,-1.9804 -0.71933,-0.53589 -1.41936,-1.92237 -1.77677,-2.52967 -0.42768,-1.20084 -0.50058,-0.96423 -0.61727,-1.32057 -0.327,-0.86973 -0.15983,-1.11302 -0.1944,-1.75202 -0.0345,-0.63819 0.1244,-1.34329 -0.0805,-2.25091 -0.19774,-0.87568 -0.0763,-1.79134 -0.27743,-3.01975 0.1172,-1.0662 -0.56746,-3.41705 -0.79638,-4.70845 -0.28332,-1.683344 -0.31205,-1.769135 -0.42315,-2.357133 -0.15785,-0.835432 -0.1952,-1.1817 -0.1952,-1.1817"
           fill="#8c00d5"
           stroke-width="2"
           id="path16"
           inkscape:original-d="m 350.25903,119.54137 c -4.21384,2.04839 -8.89518,-0.21095 -11.77248,-2.3545 -2.8773,-2.14356 -2.33351,-5.59453 -3.02842,-8.67201 -0.79094,-3.50273 -1.46653,-11.23419 -1.46653,-11.23419" />
        <path
           d="m 310.65904,97.28067 c 0,0 -0.0663,0.424102 -0.14198,1.203657 -0.10062,0.729428 0.43612,1.987633 0.30374,3.198083 0.48977,1.29846 -0.44252,2.4805 -0.77035,3.68052 -0.3234,1.18383 -0.69056,2.2421 -0.88582,3.10683 -0.17373,0.76937 -0.0582,1.73042 -0.14723,2.52444 0.12429,0.9307 -0.0323,1.71236 -0.20334,2.42678 -0.0248,0.95551 -0.51276,1.33184 -0.94718,1.94835 -0.43417,0.61615 -0.5842,1.47136 -1.31637,2.01683 -0.57546,0.4287 -0.56693,1.02419 -1.29327,1.41402 -0.18656,0.6307 -1.78394,0.91364 -2.86114,1.20098 -0.78757,0.28816 -1.55738,0.65413 -2.49066,0.71277 -0.71117,0.32785 -2.03941,-0.27452 -3.01763,-0.49912 -0.92294,-0.2119 -1.73172,-0.30155 -2.49585,-0.673"
           fill="#8c00d5"
           stroke-width="2"
           id="path17"
           inkscape:original-d="m 310.65904,97.28067 c 0,0 -0.67559,7.73146 -1.46653,11.23419 -0.69491,3.07748 -0.15112,6.52845 -3.02842,8.67201 -2.8773,2.14355 -7.55864,4.40289 -11.77248,2.3545" />
        <g
           id="g30">
          <g
             fill="#8c00d5"
             stroke-width="2"
             id="g24">
            <g
               id="g20">
              <path
                 d="m 305.52196,115.04642 -2.42031,-1.18376 -2.86326,-1.42821 -2.73777,-1.99597 -1.80763,-0.76251 -3.09529,-1.00863 -2.9706,-1.69716 -1.06408,-2.69447 -0.93156,-2.35126 -0.99341,-2.462223 -1.24737,-3.84167 -0.57703,-1.353851 -1.25936,-2.757584 -1.05017,-2.242864 -1.24775,-2.632238 2.14806,-2.030041 2.46385,-1.765027 2.85917,-1.706589 1.63636,-2.888094 1.68566,-1.911323 1.8356,-2.522103 2.04371,-2.150465 2.18733,-1.612518 2.3582,-1.831468 2.07938,-2.12814 2.31352,-1.723237 2.6012,-1.52061 1.87434,-3.053446 1.86329,1.024569 2.6244,2.68824 2.39544,2.364904 1.54533,0.910064 2.23938,2.241903 1.88844,1.838497 2.13405,2.642011 1.82102,2.174547 c -0.004,-7.98e-4 0.10117,0.206036 0.2331,0.50014 0.16308,0.335155 0.21377,-0.03317 0.44698,0.492137 0.20928,-0.03552 0.56872,1.274066 1.02156,2.3328 0.24044,0.554494 0.99789,1.902892 1.44044,2.976245 0.5965,0.983525 0.83732,1.978852 1.25506,3.036367 0.47905,1.137173 0.98981,2.400082 1.43816,3.597012 0.54831,1.316341 1.62438,2.502584 2.05663,3.734761 1.16358,1.31354 1.54569,2.570107 1.92954,3.789118 1.11171,1.40057 0.69404,2.247603 1.01922,3.479075 0.32418,1.208221 0.76225,2.930521 1.03851,4.327161 0.30674,1.36333 0.48027,2.59174 0.62959,3.81442 0.16752,1.26166 0.93091,2.55307 0.95461,3.67445 0.71182,1.26349 -0.0652,2.0216 -0.23784,2.99088 -0.20119,0.86853 -0.29313,2.04935 -0.70311,2.87485 -0.17188,0.77741 -0.3827,1.70285 -0.95557,2.20208 -0.0722,0.80073 -1.52498,-0.22897 -2.33199,-0.0967 -0.70558,0.11567 -0.72021,1.16305 -1.40052,1.13997 -0.19754,-0.007 -0.50158,0.22275 -1.06924,0.38716 -0.48041,0.30075 -1.38933,0.0175 -2.27772,0.28133 -0.93459,-0.12204 -1.83357,0.62806 -2.92705,0.95297 -1.03086,0.37284 -2.29651,0.55706 -3.51907,0.84511 -1.2562,0.19725 -2.60662,0.22775 -3.86673,0.42521 -1.28021,0.2006 -2.57273,0.28103 -3.84452,0.26604 -1.22648,-0.0145 -2.566,-0.44957 -3.73522,-0.68389 -1.2275,-0.5069 -2.08141,-0.40315 -3.05085,-0.70784 -0.98391,-0.23466 -2.12839,-0.9002 -2.9531,-1.25835 -0.84604,-0.51826 -1.2644,-0.52882 -1.71239,-0.74069 -0.49694,-0.23502 -0.94076,-0.54848 -1.00754,-0.63428"
                 id="path18"
                 inkscape:original-d="m 305.52196,115.04642 -15.73434,-7.45985 -8.45276,-20.79411 28.11126,-26.1135 16.33877,14.98316 c 0,0 21.24207,45.27747 7.40373,44.80808 -1.18521,-0.0402 -9.22006,3.69091 -16.85677,3.60088 -6.13241,-0.0723 -12.24485,-3.91087 -12.56058,-4.31656" />
              <path
                 d="m 307.42176,114.51268 c 0,0 -0.34095,0.42241 -0.89525,1.03927 -0.55997,0.60815 -1.39096,1.03829 -2.26542,1.78309 -0.87409,0.74448 -1.79945,1.57215 -2.76323,1.94887 -1.09251,0.42704 -2.31866,0.21199 -3.57502,0.38215 -1.26544,-0.32345 -2.36045,0.40682 -3.60193,0.4451 -1.09355,0.18371 -2.42978,0.15521 -3.5307,0.083 -0.96077,0.081 -1.82714,-0.0245 -2.53174,-0.16704 -0.66147,-0.1338 -1.46072,-0.76384 -1.56386,-0.82929 -0.66456,-0.42171 -1.69196,-1.56303 -2.51917,-2.18014 -0.91045,-1.12758 -1.54891,-1.42036 -2.1437,-1.9642 -0.82721,-0.97846 -1.19911,-1.31194 -1.46528,-1.87911 -0.32446,-0.6914 0.0153,-0.99268 0.6168,-1.839 0.44614,-0.62776 0.83363,-1.65125 1.49689,-2.14129 0.4849,-0.95239 1.39282,-1.23546 2.23302,-1.54149 0.82136,-0.65807 2.24085,-0.48713 3.22532,-0.56825 1.28484,-0.05 1.69135,-0.0581 2.52641,0.0286 0.98945,0.10332 1.77996,-0.24841 2.75172,0.0565 0.94031,0.29508 1.91704,0.4977 2.84454,0.96542"
                 id="path19"
                 inkscape:original-d="m 307.42176,114.51268 c 0,0 -3.01848,3.88117 -5.91046,5.01158 -5.46252,2.13518 -14.11349,0.32626 -14.6571,-0.0187 -2.65822,-1.68684 -7.99396,-5.56869 -5.9549,-8.43787 2.67682,-3.76656 10.04942,-4.94246 15.50648,-2.19052" />
              <path
                 d="m 305.13019,117.21476 c 0,0 0.11204,0.25189 -0.11953,0.61093 -0.0184,0.45254 -0.57679,0.93376 -1.15189,1.71188 -0.56404,0.76316 -1.5528,0.60231 -2.38817,1.87856 -0.42178,0.64438 -0.95705,1.26857 -1.60548,1.8237 -0.63544,0.57164 -1.45451,0.958 -2.27511,1.38787 -0.86913,0.32641 -1.55644,0.82883 -2.4766,1.10583 -0.81822,0.32853 -1.88914,0.55576 -2.92267,0.63171 -0.91831,0.1501 -2.04331,0.0102 -3.0615,-0.16937 -0.99594,-0.1756 -1.38472,-0.10806 -2.2888,-0.52135 -1.3896,-0.63525 -2.07044,-1.27487 -2.56908,-2.14955 -0.31227,-0.74536 -0.7919,-2.31246 -0.65187,-3.31191 -0.0229,-1.30042 0.42122,-1.83808 0.92835,-2.55465 0.57207,-0.80833 1.61985,-1.24785 2.36619,-1.85067"
                 id="path20"
                 inkscape:original-d="m 305.13019,117.21476 c 0,0 -0.93038,1.45695 -3.46105,5.32322 -2.53066,3.86629 -9.85282,5.32358 -15.41125,2.78259 -5.55843,-2.541 -2.43417,-7.3202 0.42809,-9.63203" />
            </g>
            <g
               id="g23">
              <path
                 d="m 321.67897,71.98816 c 0.49361,-0.452655 0.95625,-1.639482 1.74549,-2.363236 0.53387,-1.25215 1.5126,-1.694738 2.4097,-2.472745 0.84611,-1.064233 2.16919,-1.399302 3.12778,-2.175245 1.20451,-0.543531 1.87548,-1.548195 2.65911,-2.217582 0.79199,-0.680479 1.53455,-1.161959 2.00164,-1.574854 0.46796,-0.413667 0.66131,-0.935459 0.66131,-0.935459 l 2.03065,1.251962 3.12855,2.952809 1.69935,1.684972 2.31275,2.414668 1.85971,1.450007 2.5769,2.747636 2.06623,2.221952 1.90431,1.400306 2.78523,2.988958 1.79281,2.117011 2.16771,2.597175 1.86159,2.238213 -0.012,2.829159 -1.04938,2.498457 -0.63402,2.752116 -1.14739,1.755468 -0.81138,3.564602 -0.94997,2.45865 -0.49643,2.60141 -1.51874,1.98932 -2.43779,1.40488 -1.80417,1.35376 -3.32898,1.14099 -2.58736,1.23158 -2.57023,1.33292 -1.98646,1.49724 -3.02451,1.16657"
                 id="path21"
                 inkscape:original-d="m 321.67897,71.98816 c 2.96166,-2.71593 12.60503,-11.5592 12.60503,-11.5592 l 26.11126,25.78017 -6.45276,21.12744 -17.73434,8.79318" />
              <path
                 d="m 347.32435,108.62718 c 0.90951,-0.45866 1.86327,-0.82295 2.84859,-1.06958 0.97879,-0.26199 1.93179,-0.52534 2.93471,-0.57102 0.95919,-0.1816 1.90543,-0.24821 2.88823,-0.0845 0.87033,-0.097 1.96573,0.2526 2.87968,0.66341 0.81391,0.15814 1.66065,0.93577 2.34844,1.52418 0.65132,0.55721 1.13945,0.46349 1.55499,1.0482 0.50976,0.7173 0.45669,1.18929 0.20653,2.04678 -0.36692,0.5462 -0.64277,1.88835 -1.37164,2.83486 -0.48793,0.9053 -1.64828,1.5525 -2.50828,2.29234 -0.84388,0.72597 -1.52126,1.61199 -2.16426,2.02002 -0.10872,0.069 -0.32778,0.40594 -0.99891,0.5439 -0.48877,0.35744 -1.69594,0.2429 -2.83744,0.3472 -1.06954,0.0495 -2.04877,0.29627 -3.29301,0.29671 -1.08172,0.13317 -2.71214,-0.15109 -4.0555,-0.36737 -1.28015,-0.20609 -2.57001,-0.61155 -3.62218,-1.02282 -0.96399,-0.37681 -1.84148,-0.91856 -2.70458,-1.63957 -0.79841,-0.61852 -1.69916,-1.59315 -2.26726,-2.22727 -0.53429,-0.59637 -0.53307,-0.83064 -0.53307,-0.83064"
                 id="path22"
                 inkscape:original-d="m 347.32435,108.62718 c 5.45706,-2.75194 12.82966,-1.57604 15.50648,2.19052 2.03906,2.86917 -3.29667,6.75103 -5.9549,8.43787 -0.54361,0.34496 -9.19458,2.15388 -14.6571,0.0187 -2.89198,-1.13041 -5.91045,-5.01158 -5.91045,-5.01158" />
              <path
                 d="m 357.04415,115.43855 c 0.71557,0.57796 1.35184,0.82911 1.9604,1.64197 0.58693,0.43074 1.56295,2.27445 1.75459,3.36967 0.49326,1.16027 -0.0136,1.63882 -0.49666,2.389 -0.52594,0.81674 -1.25755,1.82211 -2.61805,2.44405 -0.92641,0.4235 -2.03316,0.415 -3.03518,0.61388 -1.09277,-0.12325 -1.58279,0.62656 -2.55335,0.64544 -0.75557,0.35318 -2.40212,-0.45617 -3.49188,-0.69041 -1.03035,-0.55155 -1.72616,-1.85298 -2.50171,-2.13943 -0.83153,-1.73628 -1.56559,-0.32828 -2.22009,-0.4295 -0.71951,-0.11126 -1.2898,-0.24768 -1.73606,-0.92945 -0.84355,-1.28876 -1.50427,-2.30355 -2.02371,-3.10192 -0.5127,-0.78987 -0.94459,-1.50156 -1.18523,-1.87356 -0.23759,-0.36729 -0.4819,-0.95725 -0.4819,-0.95725"
                 id="path23"
                 inkscape:original-d="m 357.04415,115.43855 c 2.86226,2.31183 5.98652,7.09103 0.42809,9.63203 -5.55843,2.54099 -12.88059,1.0837 -15.41125,-2.78259 -2.53067,-3.86627 -3.46105,-5.32322 -3.46105,-5.32322" />
            </g>
          </g>
          <g
             fill="none"
             stroke-width="1.5"
             id="g26">
            <path
               d="m 289.50836,112.85951 2.34198,-1.00506 -0.68928,1.92056 -0.21018,2.45867 -2.72853,-1.57715 -2.84723,-2.02416 2.60587,-1.28643 1.56065,-2.72496"
               id="path24"
               inkscape:original-d="m 289.50836,112.85951 2.39731,-0.85618 -1.36989,3.93843 -4.96585,-2.73978 4.10967,-3.25349" />
            <path
               d="m 292.54303,121.02821 0.15373,2.54385 -1.77954,-1.90177 -1.56998,-0.44565 2.45305,-1.75436 1.65748,-2.16946 0.89228,1.75375 1.04005,3.07834"
               id="path25"
               inkscape:original-d="m 292.54303,121.02821 0.15192,2.54108 -3.3985,-2.4162 4.01868,-4.00203 1.975,4.8553" />
            <path
               d="m 298.23764,114.2943 -2.68703,-1.33244 2.59078,-0.53973 2.175,-1.35808 0.54088,2.61424 0.61556,2.63635 -1.44718,0.18474 -2.31483,-0.16718 -2.41332,-0.34116"
               id="path26"
               inkscape:original-d="m 298.23764,114.2943 -2.68867,-1.33341 4.87132,-1.39736 1.20559,5.58754 -6.33574,-1.16791" />
          </g>
          <g
             fill="none"
             stroke-width="1.5"
             id="g29">
            <path
               d="m 356.3007,109.77726 1.95483,1.12172 2.10942,1.78297 -2.47739,0.71193 -2.29335,2.45255 -0.55837,-1.81474 -1.12725,-3.07925 2.67562,1.88764"
               id="path27"
               inkscape:original-d="m 356.3007,109.77726 4.10967,3.25349 -4.96585,2.73978 -1.36989,-3.93843 2.39731,0.85618" />
            <path
               d="m 350.69016,121.83512 0.85637,-3.10055 0.96737,-2.12199 2.22581,2.3342 2.83211,2.17739 -2.1689,1.09569 -2.32758,0.68164 0.12247,-2.64388"
               id="path28"
               inkscape:original-d="m 350.69016,121.83512 1.975,-4.8553 4.01868,4.00204 -3.3985,2.4162 0.15192,-2.54108" />
            <path
               d="m 350.69016,115.81193 -2.00537,0.50704 -2.36829,-0.18876 -1.69973,1.13289 0.451,-3.08311 0.97419,-2.64932 2.04241,-0.14619 2.13979,0.8009 -1.79583,2.17492"
               id="path29"
               inkscape:original-d="m 350.69016,115.81193 -6.33574,1.16791 1.20559,-5.58754 4.87132,1.39736 -2.68867,1.33341" />
          </g>
        </g>
      </g>
      <g
         stroke="#29000a"
         stroke-width="2.5"
         stroke-linecap="butt"
         id="g32">
        <path
           d="m 281.52244,188.33828 c 1.03027,-0.074 1.85113,-0.43095 2.99037,-0.55627 1.16926,-0.0681 2.53198,-0.17699 3.69425,-0.30962 1.33928,-0.0388 2.36739,-0.0925 3.42477,-0.19051 1.2523,0.0546 2.37539,0.0294 3.33904,-0.01 1.18508,0.17255 1.58944,-1.17123 2.33693,-1.12906 0.92422,-1.06154 2.00212,0.0981 2.66107,0.6946 0.47901,0.11489 0.75173,0.861 0.91639,1.62338 0.13421,0.62144 0.22148,1.53221 0.0791,2.17612 -0.16324,0.73826 -0.62123,1.6629 -1.37921,2.43819 -0.65203,0.90888 -1.70448,1.53703 -2.6527,2.18377 -0.92586,0.66051 -2.10035,0.63985 -2.79714,1.02208 -0.69079,0.37894 -0.99935,1.00232 -0.99935,1.00232 0,0 0.58504,0.5419 1.27279,1.13286 0.82499,0.69721 1.36953,0.29086 2.33391,0.93263 1.0193,0.67832 2.32494,2.29337 3.39848,2.58838 0.77054,0.21176 1.44807,0.66344 1.92128,1.21878 0.52891,0.58975 0.66944,0.99076 0.88967,1.78231 0.12233,0.6433 0.33421,0.48375 0.34199,1.58388 -0.0128,-0.0544 -0.25844,2.69485 -0.51021,4.31898 -0.29787,0.92592 -0.36608,2.37702 -0.62041,3.55852 -0.20246,1.1493 -0.66541,1.56819 -0.94593,2.61745 -0.48531,0.57817 -0.65856,1.92758 -0.9693,3.05864 -0.29316,0.49645 -0.56465,2.09405 -0.82038,2.98712 -0.22032,0.76942 -0.34776,1.48426 -0.54655,1.79557 -0.16121,0.25246 -0.43356,-0.27352 -0.65632,-0.97124 -0.2809,-0.8557 -0.48314,-2.1746 -0.70376,-3.2868 -0.25602,-1.58916 0.0629,-1.87722 -0.117,-2.94418 0.24869,-1.02852 -0.55151,-2.67336 -0.80731,-3.61817 -0.21973,-0.8116 -0.19588,-1.16585 -0.19588,-1.16585 0,0 0.0635,0.55119 -0.14064,1.18347 -0.0242,0.79383 -0.42641,1.55247 -0.79374,2.55135 -0.31722,1.11673 -1.03893,1.52392 -1.56788,2.7515 -0.78649,0.68043 -1.43623,2.43111 -2.14178,3.84443 -0.83208,0.86944 -1.28732,2.57215 -1.96783,3.68345 -0.60367,1.01213 -1.31722,1.64069 -1.97634,2.23858 -0.68802,0.6241 -1.30999,1.23632 -2.03705,1.12502 -0.27488,-0.0421 -0.37345,-0.71613 -0.34261,-1.665 0.0147,-0.97023 0.15341,-2.28397 0.33321,-3.51868 0.15593,-1.3224 0.73414,-2.15048 0.90942,-3.0481 0.18122,-0.92804 -0.11344,-1.9712 -0.11344,-1.9712 0,0 -0.37857,-0.23275 -0.75889,0.25443 -0.57891,0.007 -0.46706,1.58347 -1.20769,2.50246 -0.13572,1.11718 -1.06959,1.98887 -2.00058,2.93887 -0.49077,1.15795 -2.04686,1.87514 -3.19051,2.72621 -1.08728,0.77015 -2.18256,1.52666 -3.26269,2.10785 -1.09795,0.59078 -1.7464,1.03683 -2.69318,1.26121 -0.22269,0.0528 -0.3824,-0.17885 -0.50831,-0.62383 -0.12907,-0.44946 -0.24379,-1.94697 -0.34451,-2.76652 -0.0999,-1.46827 0.33715,-1.18273 0.23898,-1.91827 0.34281,-0.99695 -0.40972,-2.38687 -0.79105,-3.70502 -0.34131,-1.18204 -0.80156,-2.46347 -1.34882,-3.69533 -0.52629,-1.18467 -1.17113,-2.58207 -1.90292,-3.7229 -0.31658,-0.49354 -0.13398,-1.09101 -0.62228,-1.8267 0.11072,-0.76102 -1.17997,-1.72455 -1.75561,-2.72696 -0.50205,-0.87591 -0.98514,-1.8692 -1.24784,-2.82687 -0.27696,-1.00965 -0.45586,-2.36468 -0.18724,-3.41311 0.24424,-0.95331 0.67609,-1.83788 1.11888,-2.80284 0.52427,-0.88932 0.93947,-2.60876 1.5422,-3.55996 0.47187,-1.47547 1.38424,-1.43541 1.98494,-2.18192 1.00794,-0.7136 1.69629,-1.42159 2.45818,-2.19238 1.03824,-0.5138 1.56612,-1.55736 2.35407,-2.23788 0.78026,-0.69672 2.40446,-1.18408 3.17836,-1.70112 1.48758,-0.33216 0.94102,-1.8418 1.40199,-2.15393 0.62523,-0.42334 1.52398,0.45891 2.31003,0.40247 z"
           fill="#ae00db"
           id="path31"
           inkscape:original-d="m 281.1998,188.03614 c 8.24211,-0.59182 21.15582,-3.54532 19.78834,2.63919 -0.65295,2.95304 -7.78236,6.75495 -7.78236,6.75495 0,0 3.78899,3.62675 6.92285,4.48797 6.93486,1.90577 0.90764,19.38666 -1.31661,22.87001 -0.80605,1.26231 -2.60523,-12.09393 -2.60523,-12.09393 0,0 -5.20161,18.3177 -10.46041,17.51264 -1.09955,-0.16833 0.9081,-9.99401 0.9081,-9.99401 0,0 -7.71611,10.21727 -13.6234,11.61724 -1.33613,0.31665 0.13598,-9.40277 -4.20026,-16.16277 -1.26633,-1.97415 -4.79571,-6.41198 -3.70514,-10.66865 1.95393,-7.6265 10.78441,-16.58283 16.07412,-16.96265 z" />
        <path
           d="m 273.17074,140.46541 c 1.35967,-0.90096 3.3667,-1.61208 4.71383,-2.38343 1.85175,-0.53897 2.32041,-2.3131 3.4704,-2.90292 1.13864,-1.60378 2.5691,-0.92174 3.69296,-1.41492 1.437,-0.29825 2.63784,-0.84065 3.74928,-1.26089 1.34957,-0.24822 2.1059,-0.80472 3.06938,-1.12801 1.01702,-0.37338 1.99336,-0.63325 2.86249,-0.8868 0.88433,-0.24636 1.93299,-0.28954 2.62452,-0.46443 0.89214,0.0206 1.09599,-0.56581 1.52166,-0.68886 0.44656,-0.40867 1.09216,-0.0359 1.34839,-0.0526 0.26666,-0.0174 0.0378,-0.46201 0.0378,-0.46201 0,0 0.28666,0.25767 0.32212,0.70088 0.29868,0.45393 -0.009,0.92341 0.0277,1.7147 -0.0453,0.68762 0.14969,1.9474 0.17863,3.0987 0.0976,1.15379 0.70207,2.3421 0.69561,3.58293 0.65529,1.38311 -0.12985,2.57138 -0.28281,3.939 -0.17812,1.34772 -0.55633,1.88144 -0.77131,3.30923 -0.21233,1.41026 -0.27139,3.66658 -0.47011,5.03139 -0.1851,1.27118 -0.60915,2.26346 -0.95622,3.43979 -0.49462,0.98397 -0.37891,2.55036 -0.78638,3.62953 0.01,1.16838 -0.89384,1.81367 -1.28165,2.59973 -0.4673,0.65332 -0.71641,1.48344 -0.9236,2.00371 -0.19613,0.49252 -0.40905,0.50596 -0.33579,0.63874 0.86624,1.87614 1.59725,2.76127 2.44199,4.42594 0.85478,1.05155 1.86883,3.49214 2.81045,5.17318 0.78055,1.28597 1.48349,2.45326 2.29858,3.78989 0.65767,0.91848 1.68742,2.40927 2.50238,3.63914 0.74341,0.82089 1.43898,0.89772 2.1498,1.90331 0.80211,-0.10804 1.97097,2.57187 2.7359,3.65955 0.74304,0.83479 0.96527,1.3583 1.38521,1.96747 0.46,0.64536 0.73702,0.9536 1.09474,1.48447 0.29796,0.32275 0.8027,1.20817 1.10637,1.685 0.26631,0.41327 0.8152,0.76024 0.97168,1.01612 0.69394,0.58203 -0.17027,-0.11524 -0.17027,-0.11524 0,0 0.4301,1.02216 0.4301,1.02216 l -1.64009,1.74615 -2.77071,2.10319 -2.03399,1.8493 -3.12079,1.65824 -2.57147,1.63829 -2.5207,1.64506 -2.57221,1.50278 -2.30441,1.75496 -2.83762,1.35307 -2.56557,1.75904 -2.53507,1.42349 -2.47894,1.86259 -2.52579,1.72049 -2.03942,1.73863 -2.05346,2.03807 -2.81255,2.16351 -2.72067,1.43399 -2.55033,1.60298 -2.10261,1.84275 -2.70332,1.73404 -3.06224,-0.0476 c 0.009,0.0672 -0.10448,-0.15424 -0.14881,-0.27675 -0.12772,-0.28364 -0.15289,-0.67649 -0.21375,-0.87189 -0.13128,-0.63049 -0.13646,-0.45349 -0.22002,-0.73867 -0.12982,-0.44998 0.0352,-0.65834 -0.1363,-1.28164 0.12336,-0.38353 0.13108,-1.34444 -0.10554,-2.24538 0.32322,-0.66803 -0.32649,-1.62792 -0.57506,-2.59382 -0.10831,-0.81096 -0.67668,-2.81033 -0.92777,-3.81358 -0.37395,-1.64338 -0.0461,-1.11794 -0.21903,-1.82637 0.013,-0.90278 -0.75278,-2.76377 -1.04378,-4.00179 -0.41899,-1.41819 -0.29797,-1.84098 -0.52918,-2.87894 -0.11056,-1.08635 -0.63587,-3.08441 -0.90858,-4.39989 -0.3004,-1.61679 -0.45435,-2.18992 -0.66438,-3.28645 -0.25715,-1.3004 -0.31113,-2.54591 -0.52837,-3.842 -0.0542,-1.29915 -0.0301,-2.31632 -0.22458,-3.65251 0.19701,-1.08173 -0.45835,-2.93198 -0.66051,-4.39687 -0.21059,-1.33815 0.0915,-2.30775 -0.0394,-3.58787 0.29264,-1.08265 -0.4171,-2.85258 -0.58169,-4.24195 -0.15153,-1.27925 -0.18998,-2.43832 -0.1388,-3.62156 0.0683,-1.58 0.14012,-3.09689 0.2377,-4.49617 0.087,-1.41969 0.0615,-2.9786 0.19245,-4.20565 -0.0261,-1.4283 0.32928,-2.19548 0.48668,-3.20845 0.2396,-1.07982 0.30176,-3.24371 0.51821,-4.20967 0.0724,-1.71335 0.85503,-0.83199 1.00813,-1.37539 0.8394,-0.59374 0.30964,-2.63742 0.61923,-3.43845 -0.0159,-1.41869 0.94649,-0.87129 1.19642,-1.37247 0.85436,-0.49721 0.82224,-1.30961 1.23724,-1.93348 0.52084,-0.58817 0.83132,-1.61001 1.34826,-2.2037 0.40759,-0.89149 1.47995,-0.82126 2.06371,-1.33426 1.03322,-0.23612 1.38569,-0.80257 2.02911,-1.3282 0.87038,-0.32504 1.28875,-1.41195 2.04003,-2.03717 0.63089,-0.8603 1.44282,-1.30446 2.30705,-1.88076 0.84218,-0.5616 1.74425,-1.29478 2.76237,-1.96942 z"
           fill="#420057"
           id="path32"
           inkscape:original-d="m 273.15728,140.44498 c 13.59671,-9.00965 27.25215,-11.31929 27.25215,-11.31929 0,0 0.98229,11.5636 -0.415,21.1599 -0.92547,6.35591 -4.57878,11.84882 -4.19342,12.5473 10.39494,22.51369 19.45026,29.1169 19.45026,29.1169 l -52.17904,35.94334 c 0,0 -8.98825,-30.65095 -8.03152,-52.77108 0.95673,-22.12013 4.51985,-25.66742 18.11656,-34.67707 z" />
      </g>
    </g>
  </g>
</svg>
<!--rotationCenter:66.28058429672396:120.9511880459855-->

