<?xml version="1.0" encoding="UTF-8" standalone="no"?>
<svg
   version="1.1"
   width="190.66316"
   height="232.28763"
   viewBox="0,0,190.66316,232.28763"
   id="svg33"
   sodipodi:docname="look2.svg"
   inkscape:version="1.4.2 (f4327f4, 2025-05-13)"
   xmlns:inkscape="http://www.inkscape.org/namespaces/inkscape"
   xmlns:sodipodi="http://sodipodi.sourceforge.net/DTD/sodipodi-0.dtd"
   xmlns="http://www.w3.org/2000/svg"
   xmlns:svg="http://www.w3.org/2000/svg">
  <sodipodi:namedview
     id="namedview33"
     pagecolor="#ffffff"
     bordercolor="#000000"
     borderopacity="0.25"
     inkscape:showpageshadow="2"
     inkscape:pageopacity="0.0"
     inkscape:pagecheckerboard="0"
     inkscape:deskcolor="#d1d1d1"
     inkscape:zoom="2.1654188"
     inkscape:cx="95.131713"
     inkscape:cy="116.14381"
     inkscape:window-width="1366"
     inkscape:window-height="705"
     inkscape:window-x="-8"
     inkscape:window-y="-8"
     inkscape:window-maximized="1"
     inkscape:current-layer="svg33" />
  <defs
     id="defs4">
    <inkscape:path-effect
       effect="roughen"
       id="path-effect36"
       is_visible="true"
       lpeversion="1.2"
       global_randomize="1;-533617735"
       displace_x="1.25218;1"
       displace_y="1.53108;1"
       method="size"
       max_segment_size="3.75655"
       segments="2"
       handles="along"
       shift_nodes="true"
       fixed_displacement="false"
       spray_tool_friendly="false" />
    <linearGradient
       x1="306.4071"
       y1="230.17653"
       x2="326.1126"
       y2="306.19395"
       gradientUnits="userSpaceOnUse"
       id="color-1">
      <stop
         offset="0"
         stop-color="#470020"
         stop-opacity="0.87451"
         id="stop1" />
      <stop
         offset="1"
         stop-color="#000000"
         stop-opacity="0.38824"
         id="stop2" />
    </linearGradient>
    <linearGradient
       x1="338.49749"
       y1="230.17653"
       x2="317.48555"
       y2="306.19395"
       gradientUnits="userSpaceOnUse"
       id="color-2">
      <stop
         offset="0"
         stop-color="#470020"
         stop-opacity="0.87451"
         id="stop3" />
      <stop
         offset="1"
         stop-color="#000000"
         stop-opacity="0.38824"
         id="stop4" />
    </linearGradient>
    <filter
       inkscape:label="Basic Two Lights Bump"
       inkscape:menu="Bumps"
       inkscape:menu-tooltip="Two types of lighting emboss effect"
       style="color-interpolation-filters:sRGB;"
       id="filter36"
       x="-0.0067200359"
       y="-0.005404106"
       width="1.0133539"
       height="1.0171598">
      <feColorMatrix
         result="result2"
         type="luminanceToAlpha"
         in="SourceGraphic"
         id="feColorMatrix33" />
      <feSpecularLighting
         specularConstant="0.5"
         surfaceScale="-15"
         specularExponent="10"
         result="result10"
         id="feSpecularLighting33">
        <feDistantLight
           elevation="20"
           azimuth="225"
           id="feDistantLight33" />
      </feSpecularLighting>
      <feDiffuseLighting
         diffuseConstant="0.5"
         surfaceScale="15"
         id="feDiffuseLighting34">
        <feDistantLight
           azimuth="225"
           elevation="20"
           id="feDistantLight34" />
      </feDiffuseLighting>
      <feComposite
         result="result11"
         in2="result10"
         operator="arithmetic"
         k2="0.5"
         k3="0.5"
         id="feComposite34" />
      <feComposite
         in="result11"
         result="result9"
         operator="arithmetic"
         k2="1"
         k3="1"
         in2="SourceGraphic"
         id="feComposite35" />
      <feComposite
         in2="SourceGraphic"
         operator="in"
         in="result9"
         id="feComposite36" />
    </filter>
  </defs>
  <g
     transform="translate(-219.48591,-68.5334)"
     id="g33"
     style="filter:url(#filter36)"
     inkscape:path-effect="#path-effect36">
    <g
       stroke-miterlimit="10"
       id="g32">
      <g
         stroke="#29000a"
         stroke-width="2.5"
         id="g6">
        <path
           d="m 344.79301,296.52076 c 0,0 -0.26449,-0.0575 -0.65509,0.0193 -0.48986,-0.35244 -0.76413,0.67198 -1.48593,0.8169 -0.55876,0.6288 -1.7344,0.11868 -2.80123,0.29025 -1.08074,-0.0342 -2.28188,0.31439 -3.5347,0.49164 -1.35704,0.14972 -2.59412,0.29861 -4.00812,0.46649 -1.47639,0.11857 -2.84767,0.49848 -4.44748,0.64514 -1.47531,0.30562 -3.49532,0.13252 -5.26358,0.17783 -1.71278,0.0439 -3.24808,0.47763 -4.98195,0.46588 -2.15709,-0.0146 -4.15126,-0.0856 -6.04319,-0.21231 -1.87419,-0.11959 -3.57082,-0.0827 -5.21474,-0.29081 -1.58304,0.007 -3.17191,-0.42573 -4.59968,-0.69955 -1.34305,-0.22941 -2.57529,-0.45924 -3.74624,-0.75273 -1.06423,-0.19482 -2.63941,-1.15212 -3.59863,-1.4427 -1.11061,-0.77028 -1.78863,-0.92644 -2.34656,-1.05942 -1.05627,-0.68424 -0.64533,0.38079 -1.00258,0.43075 -0.45549,0.0637 -1.20561,-0.3105 -1.52922,-0.31274 -0.36685,-0.003 -0.81246,-0.11948 -1.44769,-0.45089 -0.56526,-0.28279 -1.38326,-0.80608 -2.1746,-1.46051 -0.73061,-0.58926 -1.35293,-1.17836 -2.1009,-2.06946 -0.5729,-0.70279 -1.57861,-2.60189 -2.19434,-3.79271 -0.5391,-1.53863 -0.7779,-1.68938 -1.04931,-2.69472 -0.22876,-1.04808 -0.50247,-2.64818 -0.35612,-4.1205 0.1375,-1.38325 1.10385,-2.06339 1.88963,-3.54843 0.5877,-0.85081 1.23291,-1.65445 2.28532,-1.89768 0.88704,-0.56162 2.37245,-0.26285 3.76964,-0.0307 1.24658,0.16919 2.46423,0.3827 3.79806,0.84049 1.14065,0.24919 2.56629,0.82198 3.74117,1.36909 0.96143,0.29862 1.83332,0.63206 2.53527,1.04617 0.62144,0.36663 1.28389,1.05653 1.28389,1.05653 0,0 0.4244,0.0147 1.2465,0.15497 0.77428,0.0697 1.41419,-0.29914 2.79722,-0.0766 0.88821,-0.40261 3.47872,1.18961 5.34161,1.54059 1.71582,0.88722 3.07665,0.5025 4.50562,0.5862 1.56201,0.0915 3.0476,0.10242 4.22406,0.11799 0.95132,0.0126 2.86764,0.73853 4.14119,0.64206 1.85835,0.69403 1.88109,-0.38294 3.07966,-0.54876 1.16582,-0.38169 3.22149,-0.38443 4.80351,-0.66374 1.501,-0.16285 1.96533,-1.23895 3.26889,-1.50738 0.65151,-1.0265 3.10991,-0.46863 4.39671,-0.59476 1.06436,-0.0523 2.11035,0.64475 2.70757,0.60411 0.59354,-0.0404 0.60672,-1.01306 0.60672,-1.01306 l 1.19032,3.61315 0.6357,3.36408 0.80822,3.68018 0.12298,3.02459 z"
           fill="#2c0177"
           stroke-linecap="round"
           id="path4"
           inkscape:original-d="m 344.83789,296.848 c 0,0 -13.28412,2.81569 -27.29725,2.72069 -17.25666,-0.11698 -25.818,-4.01582 -28.00922,-4.03103 -2.56799,-0.0178 -13.47502,-8.55674 -7.9924,-18.91827 3.52622,-5.10485 18.00444,3.20155 18.00444,3.20155 0,0 12.071,2.16239 18.02977,2.24128 6.65925,0.0882 23.13983,-2.8716 23.13983,-2.8716 z" />
        <path
           d="m 300.69403,279.90647 c 0,0 -0.73322,-1.54855 -0.97931,-1.96552 -0.5119,-1.12223 -0.5757,-0.90028 -0.8068,-1.29743 -0.60186,-0.95253 -1.65311,-1.86783 -2.18272,-2.8136 -1.28819,-1.26219 -1.37741,-2.40407 -1.91641,-3.44098 -0.946,-1.67814 -1.09316,-2.17493 -1.67166,-3.38789 -0.63981,-1.37734 -0.48468,-2.01878 -1.14796,-3.58718 0.1346,-0.84706 -1.56606,-3.71936 -2.32875,-5.70126 -0.577,-1.48481 -1.20256,-4.22562 -1.68822,-5.73398 -0.45856,-2.39839 -0.74252,-2.30454 -1.00873,-3.22522 -0.37594,-1.30022 -0.40313,-2.11754 -0.46143,-3.49399 -0.0429,-1.01329 0.006,-2.22511 0.17882,-3.45493 0.14241,-1.2846 0.68606,-1.72055 1.02152,-3.07319 0.64028,-0.77792 0.93709,-3.14474 1.47356,-4.83229 0.5334,-1.38216 1.04461,-2.29977 1.57052,-3.77456 0.65532,-0.9815 1.15109,-3.33097 1.74784,-4.9175 0.48599,-1.4435 0.72652,-2.94395 1.22002,-4.20437 0.17582,-1.4613 1.06718,-1.90579 1.51839,-2.93442 0.61373,-0.68849 0.99676,-2.15025 1.37265,-3.0478 0.35496,-0.69086 0.78346,-1.33593 0.95651,-1.80318 0.15795,-0.42647 0.30693,-0.46509 0.30693,-0.46509 l 3.95149,0.48255 2.73886,-0.13761 3.82532,-0.0703 3.17119,-0.41552 4.19503,0.11409 3.61196,0.67717 2.52201,-1.28317 c 0.0678,0.0403 -0.0759,0.31545 -0.32374,0.87575 -0.27498,0.51235 -0.0196,1.611 -0.47118,2.59199 0.16445,1.21341 -1.08144,1.88207 -1.64816,3.12833 -0.6687,1.04061 -1.33721,2.3947 -1.88391,3.85331 -0.70669,1.17865 -0.95178,3.05764 -1.30199,4.60636 -0.26361,1.52454 -0.31087,3.29868 -0.38915,4.68014 -0.0805,1.42152 -0.25928,1.87085 0.0619,3.0829 0.22512,0.84938 0.20197,1.74587 0.56354,2.76733 0.0557,1.01924 1.25455,2.70818 1.76088,3.9282 0.84163,1.48358 0.80728,1.70111 1.28769,2.77181 0.55817,1.03647 1.08622,2.7741 1.78769,4.23592 0.47515,1.37144 1.35053,2.76209 2.07519,4.20058 0.70236,1.37974 1.6503,2.91781 2.4041,4.36115 0.91998,1.44633 1.52607,3.30546 2.26418,4.68601 0.74871,1.80479 1.26444,2.12752 1.94341,3.36774 0.72142,1.09225 1.22804,2.28002 2.02683,3.71175 0.45071,0.84621 1.99702,3.07966 2.81998,4.52891 0.93731,1.17501 1.16771,1.95425 1.76523,3.01566 0.54422,0.86112 1.24591,2.01086 1.82351,3.05338 0.50723,0.70432 1.08735,1.98785 1.54059,2.84025 0.39723,0.74855 0.86907,1.7916 1.15351,2.34206 0.33306,0.78316 0.35193,0.47552 0.4663,0.67653 0.18419,0.32377 0.58,1.19453 0.58,1.19453 l -3.55255,-0.65178 -4.18687,-1.65041 -2.86619,-0.68625 -3.12883,0.14483 -3.16491,0.0808 -3.92423,-0.58201 -3.32195,-0.15733 -3.67442,-0.66864 -3.54144,-0.73877 -3.1152,-0.0605 -3.28348,-0.5638 z"
           fill="#ae00db"
           stroke-linecap="butt"
           id="path5"
           inkscape:original-d="m 300.45464,279.44338 c 0,0 -13.64354,-22.50238 -14.14844,-34.42459 -0.42912,-10.13289 11.30924,-32.61749 11.30924,-32.61749 h 24.74402 c 0,0 -8.6995,14.45307 -6.42133,23.04883 3.60187,13.59018 25.94483,50.61506 25.94483,50.61506 z" />
        <path
           d="m 299.93544,280.07684 c 0,0 0.3098,-0.13844 0.0115,-0.68274 0.0866,-0.4571 -0.54365,-1.19191 -1.14262,-2.26384 -0.30349,-0.75081 -1.06057,-2.15597 -1.80377,-3.48171 -0.49785,-1.15418 -1.49529,-2.65404 -2.26663,-4.02538 -0.76705,-1.36316 -1.58767,-2.85983 -2.28678,-4.13474 -0.80671,-1.49571 -1.05074,-2.15079 -1.59496,-3.20808 -0.59599,-1.15787 -1.34207,-2.28925 -1.71579,-3.18014 -0.49465,-1.17921 -1.22945,-3.24803 -1.62856,-4.65852 -0.6243,-1.89164 -0.69788,-2.49316 -0.9236,-3.55026 -0.35027,-1.39731 -0.51368,-2.43728 -0.62283,-3.21961 -0.11724,-0.8403 -0.38637,-1.37281 -0.38637,-1.37281 l 3.49588,-1.29139 3.5312,-1.26132 3.41796,-1.42896 3.75774,-0.98343 3.4981,-1.2642 3.5435,-1.01322 3.36739,-1.45228 3.85901,-0.96236 3.19521,-1.94275 c -0.0508,-0.006 -0.0744,0.36895 0.0794,1.25375 0.0737,0.74459 0.41,2.20484 0.75711,3.64501 0.31394,1.36336 0.7293,2.8293 1.18289,4.25139 0.45752,1.4344 1.04609,2.90575 1.57186,3.97188 0.37071,0.75172 0.74444,1.48604 1.27365,2.48976 0.46686,0.88867 1.13025,1.96953 1.81735,3.22883 0.63691,1.01417 0.84901,2.32454 1.63382,3.73731 0.2371,1.19055 1.80113,3.17936 2.70045,4.75883 0.8826,1.51429 1.55781,2.71693 2.35452,4.09641 0.82152,1.4143 1.43497,2.82442 2.25702,4.23211 0.60958,1.38833 1.66217,2.80842 2.46815,4.15974 0.76556,1.26233 2.30738,3.26845 3.01556,4.43817 1.27836,1.54143 0.92673,1.55381 1.33855,2.25929 0.54116,0.93774 1.23909,2.29356 1.63395,3.00418 0.47262,0.9827 0.13325,0.61268 0.29641,0.89519 0.25276,0.43766 1.22899,1.30221 1.22899,1.30221 l -3.54927,-0.41239 -3.62746,-0.56005 -3.39773,-0.3042 -3.80211,-0.60065 -3.42036,-0.39337 -3.66395,-0.55839 -4.47349,-0.70769 -2.64295,-0.42465 -3.64262,-0.64057 -3.39384,-0.49737 -3.60824,-0.30258 z"
           fill="url(#color-1)"
           stroke-linecap="butt"
           id="path6"
           inkscape:original-d="m 300.00354,280.11006 c 0,0 -8.31167,-15.04649 -10.88609,-21.18367 -1.9786,-4.71682 -3.24893,-12.513 -3.24893,-12.513 L 317.038,234.67653 c 0,0 1.59033,8.75259 3.71802,13.06708 4.44857,9.02069 21.62439,38.32159 21.62439,38.32159 z" />
      </g>
      <g
         stroke="#29000a"
         stroke-width="2.5"
         id="g9">
        <path
           d="m 303.26783,278.72046 c 0,0 0.0863,0.46252 0.68051,0.56581 0.32091,0.0452 1.29442,-0.15639 2.4852,0.0405 0.81002,-0.24806 2.48817,0.35322 3.95905,0.60703 1.32688,0.15887 3.37203,0.64674 4.82401,0.89079 1.89992,0.38444 2.73414,0.46378 3.93573,0.63555 1.6097,0.25158 2.81736,0.60709 4.00425,0.7088 1.2493,0.10705 2.88436,0.66265 3.88814,0.64936 1.19203,-0.0158 2.49343,-0.48436 3.99252,-0.68125 1.40176,-0.53807 3.11025,-0.46054 4.6687,-0.71735 1.52764,-0.26933 3.42713,-0.47892 4.73234,-0.71602 1.58553,-0.17901 2.36501,0.12815 3.0482,-0.0285 0.81167,-0.18611 1.62367,-0.77726 1.62367,-0.77726 0,0 0.66929,0.0293 1.28251,-0.30864 0.90218,-0.0843 1.56,-0.57954 2.52817,-1.07809 1.17397,-0.33325 2.69768,-0.93756 3.95057,-1.50566 1.67001,-0.35527 2.22909,-1.21322 3.41498,-1.65433 1.21106,-0.66759 3.22199,-0.12481 4.46714,-0.29668 1.64132,0.60356 1.44923,-0.34642 2.22289,-0.2754 0.96325,0.0884 2.21565,0.22148 2.78701,1.33753 0.7578,1.48022 1.40882,3.02551 1.50183,4.37108 0.35993,1.46143 0.16575,3.31732 -0.24406,4.48935 -0.1062,1.81124 -1.16448,2.00803 -1.85286,2.89697 -0.98427,0.92557 -1.63331,1.93812 -2.58003,2.68938 -0.90718,0.82223 -2.78395,1.35837 -3.72982,1.8515 -1.57733,0.36841 -1.31638,0.68038 -1.78633,0.91328 -0.70263,0.3482 -1.03463,0.54047 -1.47843,0.54355 -0.27393,0.002 -0.50986,0.28312 -1.02598,0.43696 -0.37461,0.35183 -1.31189,0.22761 -2.10937,0.49561 -0.85944,0.095 -1.56338,0.64539 -2.5355,0.96121 -0.95549,0.42546 -2.14333,0.65127 -3.38332,0.99525 -1.25219,0.32281 -2.47446,0.89356 -3.93671,1.21552 -1.37996,0.5367 -2.75962,1.17378 -4.49596,1.40621 -1.41588,0.79954 -4.21352,0.0581 -6.29593,0.0405 -1.97045,-0.0167 -3.40235,0.16935 -5.48757,0.18349 -1.75184,0.0119 -3.48946,0.24597 -5.19679,0.17704 -1.71189,0.19899 -3.19193,0.0451 -4.81292,-0.0924 -1.48758,0.0807 -2.85201,0.19449 -4.39514,-0.006 -1.18137,0.30383 -3.38932,-0.65263 -4.83654,-0.93276 -1.34731,-0.40402 -2.73783,-0.63536 -3.71185,-0.85297 -1.29853,-0.36282 -2.06428,-1.23329 -2.66299,-1.37354 -1.15423,-1.03258 -1.08123,-0.14753 -1.34834,-0.0569 -0.36321,0.1232 -0.2143,0.81035 -0.2143,0.81035 l 0.9665,-3.61783 0.1657,-4.75882 1.00606,-2.44975 0.99105,-3.77831 z"
           fill="#2c0177"
           stroke-linecap="round"
           id="path7"
           inkscape:original-d="m 303.34917,279.19061 c 0,0 16.42973,2.95977 23.09048,2.8716 5.96013,-0.0789 18.06829,-2.24128 18.06829,-2.24128 0,0 17.84096,-10.14667 21.31116,-3.36822 5.30455,10.36153 -7.79219,17.40044 -10.3605,17.41827 -2.19147,0.0152 -12.02856,5.58072 -29.28723,5.6977 -14.01477,0.095 -27.25049,-2.72069 -27.25049,-2.72069 z" />
        <path
           d="m 302.0845,286.26537 c 0,0 -0.26706,-0.39825 -0.0408,-0.66472 -0.11687,-0.34887 0.64476,-0.71168 1.12937,-1.28415 0.45186,-0.48724 0.92674,-1.13366 1.51449,-1.83549 0.5758,-0.72443 1.12113,-1.56396 1.84967,-2.4456 0.5978,-0.94674 1.6529,-1.85446 2.50406,-2.89838 0.93862,-0.99872 1.88445,-1.8668 2.78926,-2.99889 1.1107,-0.93156 2.09249,-2.28186 3.06862,-3.54413 1.15288,-1.12743 2.16146,-2.21517 3.12422,-3.51467 1.23105,-1.04194 1.97302,-2.50225 2.93399,-3.88542 0.97209,-1.19495 1.36466,-3.02194 2.27934,-4.44049 0.34111,-1.59717 1.77968,-2.81465 2.63414,-4.17323 0.81554,-1.344 1.61767,-2.53076 2.35884,-3.77234 0.755,-1.20092 1.30557,-2.48975 1.93121,-3.66146 0.47895,-1.17479 1.20571,-2.29894 1.69928,-3.34245 0.49144,-1.03899 0.9966,-1.90578 1.24526,-2.78687 0.31288,-1.10861 0.38919,-2.33274 0.34952,-3.61774 -0.0799,-1.28863 -0.13225,-2.51863 -0.44181,-3.8993 -0.21832,-1.31552 -0.7571,-2.86507 -1.2837,-4.32205 -0.5052,-1.39589 -1.16019,-2.86404 -1.7877,-4.23585 -0.6735,-1.37841 -1.29071,-2.67885 -1.93693,-3.90565 -0.67343,-1.25852 -1.21172,-2.38397 -1.813,-3.41932 -0.53368,-1.05875 -1.20551,-2.00106 -1.7039,-2.77843 -0.50077,-0.76908 -0.87084,-0.94161 -1.15735,-1.35948 -0.28781,-0.41977 -0.35271,-1.05634 -0.35271,-1.05634 l 3.71341,0.29941 3.4312,0.16193 3.46278,0.0645 3.24158,-0.7979 3.95876,0.9064 3.13808,-0.51802 3.98737,0.0844 c -0.0288,-0.0202 0.82765,0.73958 1.03246,1.1167 0.88376,0.80029 0.4467,0.69253 0.64371,1.05678 0.49527,0.78515 1.12551,1.79112 1.62781,2.74824 0.80367,1.21446 0.96155,1.85541 1.4968,2.92254 0.60317,1.20691 0.67216,1.63927 1.32363,3.01974 0.19707,0.75518 2.50628,4.75342 3.29971,6.57485 1.37057,2.37152 0.60114,1.81207 0.98603,2.78165 0.38999,1.4262 1.26934,3.56524 1.77909,5.08858 0.51535,1.7756 0.83875,2.63537 1.15721,3.85353 0.35218,1.37057 0.59862,2.63089 0.75608,3.85584 0.14948,1.16294 0.46835,2.30307 0.40421,3.35943 -0.0716,1.17947 -0.11325,2.7375 -0.49991,4.05252 -0.16608,1.56009 -0.77291,3.15739 -1.37457,4.48888 -0.4752,1.86017 -1.30496,2.24279 -2.03713,3.52387 -0.91079,1.16777 -1.83244,2.88846 -2.80767,4.33974 -0.97696,1.29824 -2.12363,2.14337 -3.08611,3.43982 -1.24195,0.76976 -2.09407,2.19634 -3.04028,3.44056 -1.02468,0.74485 -1.88446,2.18742 -2.67258,3.27031 -0.80102,0.77501 -1.15222,2.34593 -1.68388,3.15329 -0.21184,1.06104 -0.90881,1.1635 -1.2284,1.49835 -0.34389,0.36031 -0.22374,0.63357 -0.22374,0.63357 l -3.14906,0.78267 -4.05102,0.1143 -3.33496,0.24467 -3.24734,1.32852 -3.37249,0.60643 -3.32343,0.41361 -3.65802,0.74855 -3.74162,0.19451 -3.29953,0.44849 -3.53423,0.11624 -3.30907,0.42027 z"
           fill="#ae00db"
           stroke-linecap="butt"
           id="path8"
           inkscape:original-d="m 302.06111,286.0652 c 0,0 27.13421,-31.63713 30.94344,-45.13447 2.81585,-9.97745 -10.15395,-28.52942 -10.15395,-28.52942 h 24.74402 c 0,0 15.24543,25.66278 14.58172,36.59422 -0.71613,11.79469 -18.73322,31.78119 -18.73322,31.78119 z" />
        <path
           d="m 301.2558,285.64591 c 0,0 0.61092,0.35158 0.90609,0.0248 0.43592,-0.21597 0.61517,-0.98004 1.14574,-1.5778 0.4205,-0.77033 1.08589,-1.39763 1.79389,-2.19699 0.65322,-0.91257 1.68558,-0.97556 2.54564,-1.94834 1.1128,-0.33207 2.05296,-2.24871 3.09694,-3.49322 1.01044,-1.09117 1.35655,-3.21194 2.29593,-4.379 0.36751,-2.0512 1.76824,-2.60647 2.66213,-3.62251 0.93636,-1.53881 1.57676,-2.09182 2.47232,-3.01828 0.71093,-1.08401 2.07825,-1.96663 3.01299,-2.89572 0.87311,-0.86783 1.79342,-0.94625 2.37293,-1.7964 0.6951,-1.01972 1.3962,-2.33391 2.09722,-3.60535 0.67851,-1.37651 1.33997,-2.86991 1.99709,-4.22003 0.6167,-1.61774 0.65135,-3.41826 1.23621,-4.70567 -0.0406,-2.02698 1.60046,-2.41022 2.13624,-3.47702 1.03756,-1.12393 1.06028,-2.19182 1.46589,-3.05363 0.43493,-0.96567 1.16445,-1.63071 1.39585,-2.14333 0.24181,-0.53571 -0.13308,-1.90064 -0.13308,-1.90064 l 3.48253,1.09634 3.3754,1.47229 3.26462,1.24148 2.94591,0.6418 3.69358,0.92416 2.8576,0.3314 4.00055,0.99272 3.00881,0.6491 3.52326,1.09464 c -0.0199,-0.0335 -0.097,0.42777 -0.30481,1.11207 -0.1598,0.74916 -0.66685,1.48711 -1.02633,2.61506 -0.54277,1.01956 -0.79789,2.79039 -1.27107,4.21119 -0.44753,1.60193 -0.68539,2.84869 -1.21244,4.11115 -0.55966,1.34057 -1.11816,2.44969 -1.75518,3.55833 -0.50288,0.87521 -0.69722,1.89741 -1.45298,2.99389 -0.33614,1.16552 -1.80097,2.18626 -2.78069,3.45835 -1.01927,0.99952 -2.30376,2.00011 -3.2813,3.21767 -1.35283,0.74623 -2.3606,1.93836 -3.2199,3.07186 -1.31419,0.65662 -1.41049,2.45813 -1.99371,3.43629 -0.33527,1.06832 -0.98942,1.60412 -1.31307,2.10631 -0.33097,0.51353 -0.73886,0.7862 -0.73886,0.7862 l -3.76706,0.0649 -3.0916,0.46119 -3.92751,0.48971 -3.16704,0.65366 -3.70194,0.13354 -2.86018,1.27165 -4.67165,0.10558 -2.69959,0.75316 -3.56529,0.35989 -4.01414,0.20502 -3.05015,0.13614 z"
           fill="url(#color-2)"
           stroke-linecap="butt"
           id="path9"
           inkscape:original-d="m 301.56367,286.0652 c 0,0 16.07852,-17.68632 21.83123,-26.1256 4.86569,-7.13801 10.47168,-21.26307 10.47168,-21.26307 l 29.94199,7.23686 c 0,0 -2.66047,10.35132 -5.7654,15.75506 -3.52018,6.12642 -14.2667,19.10827 -14.2667,19.10827 z" />
      </g>
      <g
         stroke="#29000a"
         stroke-width="2.5"
         stroke-linecap="butt"
         id="g11">
        <path
           d="m 373.5438,117.16186 c -0.73103,1.16719 -1.48858,2.16203 -2.25804,3.51391 -0.6415,1.44592 -1.64289,2.72314 -2.43791,4.04403 -0.88312,1.31021 -1.60227,2.48517 -2.39382,3.57989 -0.82288,1.03219 -1.58498,2.47128 -2.37451,3.16253 -0.75469,1.07545 -1.50604,1.06919 -2.2613,1.01655 -0.74394,-0.0519 -1.52707,-0.53482 -2.21798,-1.31948 -0.66623,-0.7566 -0.83752,-1.39266 -0.96394,-2.91325 0.008,-0.89735 -0.48115,-3.83801 -0.41169,-5.34501 0.0583,-1.26402 0.62697,-1.6842 0.62697,-1.6842 0,0 -1.36495,0.0282 -2.23972,0.19154 -1.5538,0.10643 -1.58579,0.52249 -2.43796,0.84859 -1.07345,0.41079 -2.01188,1.0254 -2.95758,1.77676 -1.40776,1.11848 -2.84517,1.95877 -4.19823,2.5896 -1.37084,0.58855 -2.7067,0.90632 -3.86243,1.03514 -1.21128,0.0192 -2.78829,-0.29476 -3.59566,-0.65132 -0.84401,-0.37275 -0.83486,-0.71327 -1.21881,-1.69939 -0.13585,-0.34892 0.31817,-1.08267 0.88445,-2.17912 0.69757,-0.97584 1.44102,-2.44135 2.25072,-3.75612 0.87069,-1.27795 1.67667,-2.4208 2.26978,-3.35994 0.59752,-0.94611 0.83163,-1.79023 0.83163,-1.79023 0,0 -0.43883,-0.30719 -1.30153,-0.88574 -0.7112,-0.55535 -1.60993,-0.40108 -2.65144,-1.368 -0.68334,-0.0108 -2.28763,-2.6178 -2.71528,-4.08084 -0.32902,-1.12564 -0.14821,-2.10228 0.65651,-2.91066 0.39239,-0.39417 1.23486,-2.00814 2.55038,-2.61348 1.31552,-0.60534 3.27432,-0.0875 3.27432,-0.0875 0,0 -0.43135,-0.11321 -0.97441,-0.81939 -0.5184,-0.46692 -1.36847,-1.957169 -1.64761,-3.411459 -0.26247,-1.36742 0.25274,-2.876092 1.01385,-4.683727 0.10658,-0.253106 0.98786,-0.537114 1.5731,-0.8315 1.01357,-0.248144 1.28838,-0.380208 2.04148,-0.624664 1.07711,-0.171831 2.23945,-0.416436 3.46252,-0.665873 1.44254,-0.06768 2.35144,-0.604702 3.75778,-0.76438 1.41778,-0.160977 3.62902,0.367616 5.31423,0.470334 0.58526,0.03567 1.29841,-0.0072 2.15334,-0.0018 0.81855,-0.01905 2.07375,0.522808 3.05705,0.661608 1.1362,0.611034 1.27457,-0.324268 2.07464,-0.07373 0.92251,0.28888 2.22705,1.304188 2.97016,2.206834 0.71484,0.868295 0.99867,1.745994 1.58703,2.83209 0.25137,1.027643 1.2317,2.403335 1.71855,3.704996 0.50052,1.20936 1.17581,2.56623 1.49007,3.81824 0.64483,1.33114 0.52601,2.44144 0.65911,3.61939 0.14321,1.25611 -0.30822,2.18653 -0.35516,3.31008 -0.54307,0.90001 -0.17853,1.98714 -0.29408,3.00271 -0.10746,0.94445 -0.08,2.28877 -0.46935,2.9105 z"
           fill="#ae00db"
           id="path10"
           inkscape:original-d="m 373.41601,116.74657 c -4.38616,7.00316 -9.62259,19.17143 -13.80838,14.41777 -1.99868,-2.26981 -0.86068,-10.26907 -0.86068,-10.26907 0,0 -5.1639,0.9186 -7.70857,2.94036 -5.63103,4.4739 -11.18929,5.33189 -12.68882,1.4806 -0.54339,-1.39566 6.30364,-11.00605 6.30364,-11.00605 0,0 -9.90307,-5.63075 -6.14976,-9.40111 0.78477,-0.78834 5.71705,-2.74751 5.71705,-2.74751 0,0 -4.08439,-3.25335 -1.72852,-8.84851 0.53286,-1.26553 7.90013,-3.34679 15.91648,-2.85817 2.34105,0.1427 8.00654,-0.08768 10.79939,3.30474 5.00385,6.07807 7.02318,18.49239 4.20819,22.98695 z" />
        <path
           d="m 340.68687,173.9105 -0.0628,-3.82392 0.0158,-2.57214 -0.93879,-5.07255 0.0987,-2.13719 0.35334,-3.1425 0.24306,-3.65243 0.12876,-3.36068 0.35886,-3.24113 -0.0184,-3.53377 0.11721,-3.46025 c -0.0185,-0.009 0.20276,0.086 0.66157,0.28435 0.44161,0.1836 1.15672,0.81375 2.01383,1.15655 0.83032,0.65281 1.71325,0.14753 2.81036,0.53747 1.1225,-0.1247 2.61896,0.96459 4.06202,1.41098 1.38188,0.48592 2.43343,0.70809 3.8649,1.06173 1.2592,0.2835 3.53001,1.02335 5.11683,1.26765 1.74024,0.51511 2.729,0.35861 4.01441,0.39349 1.46489,0.0559 2.78822,-0.0442 4.04637,-0.27827 1.28191,-0.23854 2.16296,-0.93094 3.18618,-1.51489 0.7168,-0.87306 2.20023,-0.56669 2.94875,-1.46573 0.74926,-0.89992 1.19815,-2.54743 1.45716,-3.97988 0.42747,-2.36422 0.3243,-4.10556 -0.25349,-5.39244 -0.5017,-1.30243 -1.68843,-2.37285 -2.84709,-2.8832 -1.20806,-0.71752 -2.7246,-0.95952 -3.89605,-0.96838 -1.52944,-0.31091 -2.01939,0.26188 -2.75022,0.49073 -0.80749,0.25285 -1.43713,0.44743 -1.43713,0.44743 l -0.8355,-3.70962 -0.91415,-3.61216 -0.90397,-3.85962 -0.98542,-3.56181 -0.6298,-2.992 -0.65303,-3.4575 -0.84687,-3.76471 -0.8526,-3.94185 -0.10477,-2.77419 -1.00323,-3.923644 -0.98328,-3.612502 -0.92645,-3.626611 c 0.004,0.0051 -0.36637,-0.221462 -0.2197,-0.303609 -0.2562,-0.290316 0.85524,0.552458 1.27507,0.338934 0.65432,0.678503 0.97329,0.0853 1.38287,-0.10612 0.68567,0.242066 0.86911,-0.336521 1.32358,-0.529344 0.56386,-0.179996 1.58548,0.04138 2.15347,-0.168206 1.0586,0.279527 0.70891,-0.492297 1.24805,-0.664719 0.44445,-0.369535 0.68458,-0.948789 1.51089,-1.146146 0.12918,-0.720767 2.04545,-0.138583 3.12539,-0.270987 0.87958,0.182175 1.71496,-0.111575 2.59544,-0.136605 0.91497,0.03223 1.69507,-0.217135 2.62007,-0.148149 0.89184,-0.136445 1.6329,0.11786 2.65468,0.320627 0.74792,0.13011 2.26958,0.521287 3.40883,0.916184 1.05987,0.353702 1.5551,0.360859 2.58508,0.869063 0.73618,0.184718 2.39711,1.294112 3.63603,2.150574 1.02073,0.712359 2.24961,1.611243 3.32217,2.557696 1.15179,0.954906 2.40903,2.272699 3.4394,3.401215 1.30898,1.406413 2.0521,3.480859 2.9984,4.740889 0.99322,2.42292 1.82356,2.48735 2.66833,3.78221 1.15371,1.7359 2.11591,3.79311 3.12137,5.69406 1.00435,2.28648 1.80832,3.78727 2.74214,5.95169 0.82651,2.18446 2.14372,5.32032 3.09737,8.08302 0.8941,2.5902 1.44554,4.6649 2.24241,7.77078 0.50998,1.98772 1.00117,3.99108 1.24591,5.80501 0.35832,1.88019 -0.0373,2.14654 -0.0336,3.76278 -0.38915,0.78187 -0.1311,4.2053 -0.48833,6.06132 -0.22065,1.53181 -0.0657,3.19536 -0.52487,4.46771 0.12393,1.69805 -0.73888,2.99576 -1.35665,4.11912 -0.34867,1.65124 -1.33775,2.05588 -2.07949,3.03101 -0.87632,1.00286 -1.70381,2.07254 -2.66723,3.01084 -0.95313,0.93309 -2.01001,1.76485 -3.09331,2.57518 -1.10714,0.77149 -2.27305,1.33105 -3.45629,2.02585 -1.25379,0.47764 -2.02217,2.095 -3.30223,2.69221 -0.88749,1.35413 -2.51652,1.23803 -3.88805,1.74034 -1.2549,0.58473 -2.90321,0.93611 -4.33375,1.34437 -1.47769,0.36603 -2.73238,0.74538 -4.12163,1.05499 -1.41378,0.3268 -2.01714,1.30006 -3.44957,1.54253 -0.83749,0.98893 -2.90945,1.06367 -4.58325,1.24535 -1.11697,0.72141 -3.24584,0.25623 -4.78981,0.34027 -1.4731,0.0368 -2.77776,-0.0332 -4.09338,-0.0139 -1.38953,-0.13185 -2.56648,0.0348 -3.81417,0.0134 -1.2443,-0.003 -2.40215,0.2806 -3.58959,0.22581 -1.11189,0.28702 -2.83514,-0.61663 -3.94494,-0.7099 -1.32524,-0.55577 -1.3131,0.27749 -2.09702,0.20534 -0.6913,0.32461 -2.10825,-0.20483 -3.02373,-0.33015 -0.77165,-0.0902 -1.63401,-0.59526 -2.25383,-0.70218 -0.67946,-0.46878 -0.9322,-0.0179 -1.30985,-0.0501 -0.4029,0.0902 -0.84069,-0.55581 -1.08021,-0.5849 -0.22348,-0.0271 -0.0789,0.46062 -0.0789,0.46062 z"
           fill="#420057"
           id="path11"
           inkscape:original-d="m 340.82138,174.05236 -0.0429,-34.23654 c 0,0 31.41262,14.47153 34.24436,-1.18982 2.13737,-11.82107 -11.02327,-8.12503 -11.02327,-8.12503 l -9.56912,-42.74291 c 0,0 35.84547,-23.60047 52.98285,43.19454 13.25958,51.68083 -66.5919,43.09974 -66.5919,43.09974 z" />
      </g>
      <g
         stroke-width="2.5"
         stroke-linecap="butt"
         id="g13">
        <path
           d="m 315.24626,140.80748 0.65626,-3.81638 0.26681,-3.67769 0.41009,-3.84726 0.35516,-3.80748 1.28606,-3.17552 0.27393,-4.02768 1.07705,-2.83308 3.02897,-0.005 2.38466,-0.3506 0.57825,3.88714 0.66622,3.93442 0.21952,2.85706 0.84799,4.37728 0.6454,3.20595 0.48444,3.5821 0.47198,3.58438 -3.44241,-0.14411 -3.28913,0.0291 -3.62637,-0.13894 z"
           fill="#ae00db"
           stroke="#29000a"
           id="path12"
           inkscape:original-d="m 315.18565,140.45975 4.2809,-25.04328 h 5.56517 l 3.85281,25.25732 z" />
        <path
           d="m 316.23622,133.1413 0.77831,-3.43015 0.61796,-3.45764 0.8223,-3.41916 0.0779,-4.19087 0.93859,-3.19664 3.01012,0.19125 2.95505,0.18428 0.32219,3.47694 0.28507,3.3103 0.59022,3.87774 0.56294,3.4656 0.51638,3.55354 1.12892,4.2658 0.0302,2.89807 -3.08086,-1.77341 -3.45561,-1.95034 -2.8885,-1.77265 z"
           fill="#3c000f"
           stroke="none"
           id="path13"
           inkscape:original-d="m 316.33905,133.26274 3.12748,-17.84627 h 5.56517 l 3.85281,25.25732 z" />
      </g>
      <path
         d="m 271.82714,248.81066 c 0,0 0.55259,0.99643 0.58028,0.56221 0.2825,-0.0633 0.0405,-1.38744 0.12027,-2.39062 0.0227,-0.89763 -0.32416,-2.18528 -0.21387,-3.2235 -0.36354,-1.4703 0.36037,-1.89794 0.54903,-3.0608 0.32923,-1.17281 0.52789,-2.81863 0.85704,-4.3743 0.34625,-1.44793 0.92665,-2.86472 1.34337,-4.45657 0.66539,-1.40643 0.82751,-3.25739 1.29641,-4.92295 0.45984,-1.63342 0.34394,-3.64084 0.98764,-5.17945 0.11946,-0.28552 0.36587,-0.60784 0.7019,-1.14149 0.35382,-0.45221 0.7459,-1.67425 1.27727,-2.44977 0.41523,-1.13145 1.12431,-1.29724 1.69949,-2.11344 0.79365,-0.80425 1.63723,-1.87823 2.4003,-2.96791 0.99938,-0.98233 1.51285,-2.19067 2.30797,-3.36617 0.80592,-1.20672 1.80493,-2.2448 2.63511,-3.53218 1.0091,-1.10493 1.66109,-2.69603 2.47875,-4.07313 0.77277,-1.37467 1.46285,-2.9485 2.20133,-4.31567 0.60339,-1.56456 1.59842,-2.57255 2.23575,-3.86405 0.85924,-1.27705 0.96437,-3.09257 1.47109,-4.38728 0.20288,-1.67263 1.01003,-2.30776 1.41045,-3.38126 0.43176,-1.15751 0.94666,-2.03124 1.10885,-3.18413 0.15436,-1.09714 0.29262,-2.28167 0.41303,-3.58975 0.12309,-1.28544 0.46412,-2.48625 0.55483,-3.96195 0.33217,-1.29278 0.32114,-2.07187 0.38207,-3.72022 0.22063,-0.82504 0.16941,-3.7834 0.19844,-5.77116 0.0762,-1.55537 0.0206,-3.33095 0.0213,-4.96464 -0.0134,-1.63153 0.33372,-2.88596 0.31852,-4.41193 0.32538,-1.36171 -0.036,-3.21744 -0.0819,-4.72903 -0.0282,-1.41433 -0.0933,-2.76176 -0.15134,-4.01198 -0.0544,-1.23874 -0.0676,-2.36587 -0.12875,-3.38459 -0.009,-0.99904 0.36092,-0.96636 0.30046,-1.70581 0.41086,0.007 0.016,-1.59648 -0.16658,-2.24246 -0.0972,-0.34384 -0.67847,-1.06872 -0.67847,-1.06872 l 2.94119,-0.68795 3.96519,-0.42301 3.97554,0.19237 3.55091,0.29246 3.39075,-8.5e-4 3.3882,-0.45513 4.0325,0.34009 3.67843,0.41741 3.32056,0.0974 3.5722,0.009 3.68342,0.33891 3.6102,0.0778 c -0.0109,-0.0112 -0.86972,-0.0857 -0.89673,0.19458 -0.8679,0.094 -0.19535,0.77041 -0.22044,1.40571 -0.15866,0.54117 -0.16832,0.95039 -0.17975,1.74105 -0.14083,0.57082 -0.23464,1.46267 -0.22609,2.57736 -0.21055,0.70782 0.0215,1.8852 0.0622,3.22007 0.0288,0.84823 0.22184,2.88196 0.29482,4.38456 0.18832,1.44115 0.0607,2.30646 0.14307,3.69546 0.0187,1.2306 0.43379,3.38521 0.55975,5.05525 0.34574,1.70473 0.19617,2.93116 0.31737,4.46574 0.10111,1.57921 0.0738,3.30106 0.23549,4.99452 -0.0385,1.65188 0.42822,3.42993 0.68349,5.13242 0.25675,1.71236 0.73597,3.69093 0.99841,5.34013 0.16673,1.04771 0.54274,2.46405 0.88215,3.60543 0.42618,1.35997 0.69726,2.17115 1.12761,3.27025 0.47984,1.24853 0.72007,2.08438 1.30371,3.32333 0.36538,1.03719 1.13296,2.54666 1.89065,3.94806 0.50292,1.12587 0.92664,1.65157 1.72812,3.00135 0.35693,0.5185 2.12447,3.59807 3.12528,5.16841 0.88807,1.50652 1.48542,2.87175 2.16982,3.9077 0.74819,1.70188 1.37941,1.96822 1.9972,2.86174 0.82507,1.10547 1.37766,2.03397 2.03526,2.95483 0.64706,0.96653 1.1897,1.64294 1.78338,2.45747 0.49039,0.6614 1.39278,2.19196 1.90795,2.91321 0.53663,1.0295 0.52612,0.7428 0.77488,1.06271 0.35286,0.4538 0.81763,1.36404 0.94244,1.66928 0.67102,1.6411 1.26462,3.30176 1.78874,4.88632 0.52077,1.61005 0.95823,2.85839 1.3514,4.33256 0.40368,1.31907 0.92324,3.48138 1.21888,4.90186 0.4025,1.60229 0.47668,2.3756 0.64434,3.41013 0.20942,1.20587 0.4759,2.43943 0.58058,3.35279 0.24762,1.10241 0.24794,1.6116 0.27569,2.20267 0.12874,0.72286 0.36338,1.58254 0.32894,1.91791 -0.0368,0.35868 0.24337,0.34648 0.24337,0.34648 0,0 -0.0792,-0.13311 -0.48066,-0.40506 -0.27995,-0.26872 -1.13129,-1.39671 -1.91216,-1.92203 -0.73496,-1.12679 -1.41548,-0.9445 -2.25206,-1.49175 -1.00825,-0.66052 -2.11473,-1.38041 -3.30141,-2.14212 -1.20075,-0.77593 -2.54584,-1.93198 -3.84755,-2.75673 -1.34113,-1.15423 -2.21609,-1.38814 -3.4899,-2.16932 -1.15317,-0.70055 -3.01795,-2.32131 -4.45668,-3.18293 -1.34937,-1.29323 -2.57198,-1.47736 -3.72121,-2.09083 -1.35104,-0.71979 -2.9229,-1.86227 -3.9489,-2.39198 -1.05085,-0.54254 -1.60384,-0.5129 -2.41489,-0.99088 -1.13939,-0.6715 -2.12018,-1.15017 -3.54825,-1.74237 -1.17728,-0.47724 -3.14819,-1.17337 -4.80521,-1.71205 -1.50308,-0.44785 -3.08154,-0.98949 -4.52735,-1.39416 -1.42643,-0.43077 -2.88667,-0.80774 -4.02838,-1.089 -1.23386,-0.33688 -1.73329,-0.1305 -2.36509,-0.26284 -0.67859,-0.14214 -1.50101,-0.77636 -1.50101,-0.77636 0,0 -0.76963,-0.40208 -1.31642,-0.2747 -0.95258,-0.35518 -1.17364,-0.33592 -1.98262,-0.11253 -0.99783,-0.35059 -1.78802,0.99599 -3.09785,1.4484 -0.87673,0.78429 -2.58333,1.17866 -4.03809,1.69779 -1.26705,0.74046 -2.5887,1.03274 -3.9706,1.5286 -1.23795,0.57053 -2.98367,0.4027 -4.30301,0.92424 -1.28943,0.50971 -2.21797,2.10414 -3.18765,2.68047 -0.78395,0.46593 -1.55863,1.05608 -2.56771,1.72591 -0.89513,0.69459 -2.7943,0.78653 -3.99595,1.62746 -1.76894,0.1227 -2.84321,1.30196 -4.05862,2.2081 -1.71402,0.53541 -2.61896,1.69448 -3.82436,2.65698 -1.43095,0.83754 -2.26725,2.1788 -3.43973,3.17798 -0.98978,1.18471 -2.31225,2.26074 -3.38366,3.19715 -1.0008,1.15072 -2.20799,1.61735 -3.06969,2.36043 -1.11061,0.65464 -1.46905,1.6263 -2.09171,2.19959 -0.48543,0.7892 -2.18667,0.27509 -2.57031,0.56237 -0.38883,0.29116 0.0875,0.39683 0.0875,0.39683 z"
         fill="#4f0080"
         stroke="#29000a"
         stroke-width="2.5"
         stroke-linecap="butt"
         id="path14"
         inkscape:original-d="m 272.11924,249.60283 c 0,0 0.63996,-14.98888 5.86003,-27.4661 1.43347,-3.42633 19.22637,-26.27137 21.07864,-39.4371 1.85226,-13.16573 1.34029,-43.20891 1.34029,-43.20891 h 42.83687 c 0,0 -1.54623,21.83619 1.66993,42.04649 2.16746,13.62028 20.40674,36.53162 21.83072,40.01418 5.36821,13.12881 5.81816,25.55145 5.81816,25.55145 0,0 -21.18841,-14.62993 -28.97288,-19.21768 -6.83633,-4.02897 -20.76001,-6.85081 -20.76001,-6.85081 0,0 -15.2329,3.0678 -22.18788,7.20149 -7.83947,4.65939 -28.51387,21.36699 -28.51387,21.36699 z" />
      <path
         d="m 344.39037,108.53864 c 0,1.25306 -0.20707,2.27163 -0.40245,3.46946 -0.27037,1.09912 -0.50828,2.20314 -0.89725,3.3624 -0.40446,0.95252 -0.64231,2.52375 -1.21588,3.61775 -0.29276,1.2227 -1.23187,1.97722 -1.916,2.89919 -0.7688,0.90551 -1.33439,1.8909 -2.14991,2.70202 -0.72264,0.91888 -1.63091,1.87689 -2.58488,2.56212 -0.84396,0.96801 -2.75208,0.78213 -3.80204,1.28164 -1.73872,-0.0376 -1.82114,0.85695 -2.71899,1.22273 -1.10222,0.45172 -2.88477,0.55191 -4.05248,0.81408 -1.14323,0.25667 -1.68746,0.63387 -2.99978,0.63387 -1.25307,0 -2.70954,-0.1148 -3.9071,-0.30937 -1.35297,-0.19656 -2.26108,-0.58965 -3.32,-0.931 -1.14447,-0.49746 -2.29459,-0.84107 -3.3121,-1.3516 -1.13719,-0.5558 -1.8925,-0.52159 -2.80084,-1.16677 -0.98813,-0.19442 -2.29523,-2.00961 -3.20932,-2.97356 -0.94039,-1.12978 -1.36133,-1.50609 -1.95529,-2.34103 -0.6841,-0.92859 -0.64872,-1.788 -1.17277,-2.86137 0.0908,-0.93676 -1.15774,-2.75431 -1.62908,-4.03116 -0.43644,-1.42798 -0.38726,-1.31171 -0.622,-2.315 -0.27251,-1.16471 -0.53469,-2.72472 -0.53469,-4.02452 0,-1.25306 0.0614,-2.59454 0.25294,-3.79847 0.14872,-1.28285 0.58115,-1.79971 0.93716,-2.9089 0.52632,-0.74791 1.01308,-2.121427 1.6176,-3.300425 0.66344,-0.730723 1.11663,-2.28957 1.83849,-3.309278 0.5589,-1.041831 1.94698,-1.518757 2.72654,-2.348415 1.30748,-0.492502 1.55885,-1.398709 2.36668,-2.09579 0.91777,-0.61473 1.7604,-1.481279 2.71233,-2.110656 0.93451,-0.659718 1.86466,-1.212921 2.91386,-1.67652 0.98607,-0.499433 1.75439,-1.375599 2.96334,-1.627077 1.17959,-0.245373 2.85885,0.04163 4.11193,0.04163 1.25307,0 2.44744,0.09746 3.64594,0.294757 1.17454,0.193984 2.00563,-0.106907 3.1446,0.277062 0.93398,-0.157864 2.53152,0.94154 3.74386,1.630608 0.99399,0.520451 1.99961,1.267284 2.95344,2.028932 0.86631,0.723679 2.16778,2.096503 2.98556,2.970074 1.0229,1.248066 1.06258,1.368433 1.62245,2.121043 0.52744,0.922268 1.3859,1.980932 1.96329,3.054263 0.55527,1.010525 0.43053,1.163322 0.82601,2.290214 -0.1725,0.29183 1.02201,4.01546 1.39797,5.6325 0.29441,1.26629 0.47886,1.47227 0.47886,2.57457 z"
         fill="#ae00db"
         stroke="#29000a"
         stroke-width="2.5"
         stroke-linecap="butt"
         id="path15"
         inkscape:original-d="m 344.35443,108.46 c 0,12.53067 -10.15811,22.68878 -22.68878,22.68878 -12.53067,0 -22.68878,-10.15811 -22.68878,-22.68878 0,-12.53066 10.15811,-22.68878 22.68878,-22.68878 12.53067,0 22.68878,10.15812 22.68878,22.68878 z" />
      <g
         stroke="#29000a"
         stroke-linecap="round"
         id="g31">
        <path
           d="m 352.60256,127.23826 c -1.00008,0.60981 -2.08064,0.87693 -3.14812,1.02169 -1.08382,0.066 -2.5937,-0.0325 -3.63218,-0.20656 -1.42712,-0.29238 -1.74934,-0.36383 -2.52215,-0.67027 -0.92327,-0.36611 -2.32904,-1.41355 -3.16775,-1.92224 -1.02261,-0.62022 -1.75587,-1.53806 -2.13703,-2.35966 -0.50147,-0.97054 -0.39999,-1.5063 -0.51321,-2.37453 -0.12158,-0.93224 -0.18486,-1.5302 -0.52451,-2.56492 -0.27999,-0.85295 -0.34565,-1.73372 -0.64777,-2.97544 -0.0795,-1.04925 -0.92535,-2.94579 -1.23824,-4.27739 -0.53316,-1.33844 -1.37162,-2.8864 -1.49487,-3.64469 -0.13483,-0.82958 0.67751,-1.10513 0.67751,-1.10513"
           fill="#8c00d5"
           stroke-width="2"
           id="path16"
           inkscape:original-d="m 352.60256,127.23826 c -4.00031,2.43924 -8.87502,0.6346 -11.94285,-1.22607 -3.06783,-1.86068 -2.85417,-5.34769 -3.83814,-8.34528 -1.11995,-3.41181 -2.52659,-11.04419 -2.52659,-11.04419" />
        <path
           d="m 311.06783,108.83814 c 0,0 0.0319,0.50418 0.0306,1.2874 0.0267,0.79934 0.18526,2.10419 0.16059,3.28863 0.17212,1.40325 0.012,2.48932 -0.0944,3.62236 -0.11346,1.20783 0.011,2.45832 -0.10658,3.37903 -0.13318,1.04319 -0.17433,2.07244 -0.26013,3.08878 -0.0923,1.00433 -0.20014,2.03579 -0.53696,2.97685 -0.33559,0.93762 -0.82068,1.88023 -1.70598,2.68112 -0.66519,0.60177 -1.29342,1.22609 -2.15967,1.7839 -0.74082,0.58528 -2.01092,0.99137 -3.07547,1.36797 -1.10857,0.2535 -2.00612,0.81056 -3.04242,0.88513 -1.08088,0.0778 -1.9417,-0.18594 -3.0443,-0.59767"
           fill="#8c00d5"
           stroke-width="2"
           id="path17"
           inkscape:original-d="m 311.06783,108.83814 c 0,0 0.0616,7.76068 -0.39322,11.32268 -0.39956,3.12956 0.46944,6.5133 -2.19133,8.92038 -2.66077,2.40706 -7.10644,5.10069 -11.49573,3.46166" />
        <g
           id="g30">
          <g
             fill="#8c00d5"
             stroke-width="2"
             id="g24">
            <g
               id="g20">
              <path
                 d="m 307.64081,127.01139 -3.44711,-1.33895 -3.04419,-1.0258 -3.59336,-1.37313 -2.95011,-0.97759 -3.59037,-2.19401 -1.28977,-2.91506 -1.24049,-3.03523 -2.35981,-4.13156 -1.48531,-2.68676 -1.31008,-2.87368 -2.27383,-3.02381 2.52295,-2.423302 2.71394,-2.224142 2.13397,-2.777716 2.32455,-2.648977 1.34579,-3.554037 2.30586,-2.772949 2.11032,-2.6308 2.38082,-2.837066 2.32867,-2.82169 2.45322,-2.057783 2.98742,-1.898272 2.89344,2.167279 3.37725,2.71177 1.41459,0.671006 3.80898,2.760568 3.2935,2.671453 1.88385,1.605677 c 0.0527,0.03602 0.17962,0.178629 0.46108,0.617958 0.24192,0.347893 0.0153,1.047764 0.5068,1.877837 -0.16953,0.796835 1.30252,1.94644 1.98508,3.145441 0.76498,1.061998 1.1964,1.713336 1.86749,2.943154 0.72069,0.914382 1.5192,2.871971 2.32357,4.441068 0.70543,1.427778 1.17015,2.575223 1.9023,4.107063 0.47714,1.2909 1.62852,3.52441 2.36771,5.22703 0.70687,1.6677 1.35582,3.45087 1.91998,4.92392 0.61328,1.82719 1.31135,2.92936 1.72374,4.22138 0.7316,1.54419 1.69159,3.54976 1.93997,4.74227 1.11542,1.8845 0.494,2.18084 0.50931,2.96788 0.21214,1.57023 -0.18977,2.25592 -0.61894,3.01546 -0.44712,0.85858 -1.54906,0.62278 -2.43578,0.97009 -0.71084,0.27842 -0.8675,1.20881 -1.82025,1.26718 -0.23673,0.0145 -0.66514,0.22357 -1.38405,0.52058 -0.65227,0.32232 -1.21709,0.98512 -2.33441,1.44079 -0.69324,0.74453 -2.09007,1.64571 -3.60854,2.09337 -0.97338,1.11027 -3.10005,1.30172 -4.78719,1.43564 -1.57603,0.12509 -3.07263,-0.38052 -4.49199,-0.262 -1.52789,0.12757 -3.57242,-0.008 -5.05161,-0.25576 -1.82932,-0.24668 -2.67272,-0.56178 -3.74834,-0.92449 -1.31736,-0.41546 -2.16942,-0.84962 -2.8865,-1.22294 -0.74663,-0.3887 -1.30386,-1.23648 -1.39807,-1.33631"
                 id="path18"
                 inkscape:original-d="m 307.64081,127.01139 -16.37156,-5.93218 -10.38896,-19.89758 25.50479,-28.66468 17.6876,13.36411 c 0,0 25.44518,43.05598 11.62479,43.90266 -1.18367,0.0725 -8.82795,4.54968 -16.43871,5.18516 -6.11157,0.51031 -12.56086,-2.73056 -12.91369,-3.10444" />
              <path
                 d="m 309.48134,126.29968 c 0,0 0.01,0.58631 -0.48338,1.25301 -0.20033,0.80523 -1.11415,1.82127 -2.01292,2.62593 -0.86345,0.77305 -2.00244,1.21629 -2.90779,1.67357 -1.30878,0.66105 -3.49792,0.37578 -5.0669,0.65102 -2.06519,-0.47289 -2.91638,0.38151 -4.16962,0.51111 -1.55528,0.0989 -2.80393,-0.1033 -3.72948,-0.0676 -0.98453,0.038 -1.50588,-0.11219 -1.66143,-0.19127 -0.7016,-0.35671 -1.63659,-0.86627 -2.53339,-1.38554 -0.93423,-0.57007 -1.87646,-1.20314 -2.63007,-1.82029 -0.85965,-0.73922 -1.33235,-1.2355 -1.64227,-1.89889 -0.33141,-0.70938 -0.14817,-1.37981 0.31054,-2.17585 0.46142,-0.80074 1.14312,-1.41708 1.93355,-2.03703 0.8239,-0.51888 1.67402,-1.18278 2.69659,-1.5979 0.97521,-0.44892 2.23714,-0.34801 3.40464,-0.51088 1.23062,0.20741 2.69481,-0.0814 3.85138,-0.055 1.19263,0.0271 2.38218,0.48745 3.53437,0.93698"
                 id="path19"
                 inkscape:original-d="m 309.48134,126.29968 c 0,0 -2.63633,4.15024 -5.40791,5.55013 -5.23511,2.6442 -14.01875,1.66486 -14.59266,1.37307 -2.80638,-1.42682 -8.48659,-4.78451 -6.72917,-7.83433 2.30709,-4.00371 9.53473,-5.87432 15.22843,-3.65296" />
              <path
                 d="m 307.4567,129.20712 c 0,0 0.28413,0.63423 -0.18185,1.53005 -0.46598,0.89581 -1.70535,2.01774 -2.78142,4.06229 -0.43043,0.81782 -1.2332,1.3743 -2.01102,2.0213 -0.93529,0.44877 -1.48881,1.44556 -2.47227,1.89762 -0.86326,0.73116 -2.51722,0.57797 -3.72066,0.76216 -1.45071,-0.0573 -2.0779,0.2766 -3.15521,0.24429 -1.18848,-0.0357 -2.6329,-0.86906 -3.84091,-1.28781 -1.44364,-0.50043 -2.28021,-0.6229 -2.78846,-1.35926 -0.5042,-0.30411 -0.76807,-1.94828 -0.531,-2.99548 0.0693,-0.92973 0.45966,-1.853 0.97347,-2.62244 0.55375,-0.82925 1.36642,-1.38337 2.00353,-2.00675"
                 id="path20"
                 inkscape:original-d="m 307.4567,129.20712 c 0,0 -0.78784,1.53871 -2.93998,5.6278 -2.15212,4.08911 -9.30283,6.23505 -15.07742,4.23331 -5.77458,-2.00175 -3.11822,-7.056 -0.4884,-9.62916" />
            </g>
            <g
               id="g23">
              <path
                 d="m 319.63646,82.61356 2.95019,-1.801296 1.58196,-3.580084 1.77573,-2.680881 2.50149,-2.55534 2.76212,-1.972678 3.24071,2.465604 2.71527,2.646953 2.40469,1.738207 2.97489,2.457353 2.83404,2.267549 2.6894,2.140252 3.77634,2.84726 2.11819,1.794113 2.75058,2.328945 3.06832,2.825582 -0.6937,3.669976 -0.89355,3.415135 -0.27289,4.19139 -0.68691,3.9912 -0.6756,2.62527 -1.43669,3.34784 -2.87222,1.45079 -2.85019,1.84285 -2.41734,2.14305 -3.08875,1.64091 -3.31073,0.89202 -2.10457,3.28642"
                 id="path21"
                 inkscape:original-d="M 319.63646,82.61356 C 322.32686,79.62869 331.087,69.90974 331.087,69.90974 l 28.44111,23.18444 -4.41756,21.64468 -16.81931,10.43732" />
              <path
                 d="m 348.64484,116.65203 c 1.03422,-0.65153 2.20672,-1.12646 3.36966,-1.48536 1.19757,-0.32758 2.28312,-1.28687 3.45076,-1.36902 1.19443,-0.80318 2.29829,-0.26712 3.45324,0.0594 0.95371,-0.0116 2.25278,1.16065 3.2215,1.84065 0.85643,0.60119 1.62525,1.07951 2.17974,1.72079 0.57557,0.66565 0.49184,0.97195 0.31049,1.78088 -0.39681,0.39505 -0.52155,1.95361 -1.17822,2.90101 -0.417,0.9927 -1.52061,1.63734 -2.28329,2.35381 -0.78021,0.73294 -1.37109,1.42871 -1.98078,1.90243 -0.1271,0.0988 -0.90801,0.28191 -1.8613,0.55525 -1.08614,0.21373 -2.18374,0.54502 -3.56033,0.7975 -1.45863,0.23313 -2.90493,0.8587 -4.49051,0.90116 -1.58256,0.0424 -3.12871,0.67227 -4.55497,0.26596 -0.99541,-0.28357 -2.42375,-2.01532 -3.38776,-2.84028 -1.14182,-1.67599 -1.87435,-1.72881 -2.37991,-2.17269 -0.76313,-0.67002 -1.14372,-1.16272 -1.14372,-1.16272"
                 id="path22"
                 inkscape:original-d="m 348.64484,116.65203 c 5.17111,-3.25765 12.62205,-2.78709 15.64441,0.70829 2.30227,2.6626 -2.64077,7.03355 -5.12682,8.96516 -0.5084,0.39502 -8.94853,3.01717 -14.5891,1.4103 -2.98625,-0.85071 -6.35959,-4.42774 -6.35959,-4.42774" />
              <path
                 d="m 358.96746,122.50974 c 0.76721,0.5074 0.95387,0.97094 1.63685,1.72234 0.14033,0.63131 1.57646,2.0182 1.95853,3.02184 0.42992,1.0138 0.48748,1.9705 0.2495,2.70682 -0.28515,0.88223 -1.14613,1.08848 -2.51573,1.87972 -1.05841,0.61145 -2.1448,1.15169 -3.31989,1.47971 -1.13319,0.40483 -2.14705,0.87671 -3.35246,0.91989 -1.00741,0.4059 -2.83278,-0.99447 -4.03927,-1.31707 -1.22467,-1.13696 -2.31715,-0.67562 -3.06621,-0.92313 -0.93597,-0.30926 -1.15167,-0.43792 -1.76548,-1.20532 -1.44317,-1.80426 -1.94056,-2.43214 -2.58022,-3.23462 -0.63966,-0.80249 -1.56573,-1.81789 -1.56573,-1.81789"
                 id="path23"
                 inkscape:original-d="m 358.96746,122.50974 c 3.06884,2.02961 6.63276,6.49058 1.34071,9.54787 -5.29205,3.05728 -12.7195,2.30181 -15.60583,-1.30673 -2.88634,-3.60852 -3.95085,-4.97054 -3.95085,-4.97054" />
            </g>
          </g>
          <g
             fill="none"
             stroke-width="1.5"
             id="g26">
            <path
               d="m 291.49192,126.35485 1.84777,-1.4861 -0.62667,1.74801 0.14564,2.79191 -2.47461,-0.86819 -2.7569,-1.46772 1.4969,-2.20818 2.19958,-1.63833"
               id="path24"
               inkscape:original-d="m 291.49192,126.35485 2.30519,-1.07994 -0.98975,4.05071 -5.20356,-2.2559 3.78219,-3.629" />
            <path
               d="m 295.28848,134.1985 0.40273,2.66516 -1.7261,-1.11125 -1.87528,-1.08919 2.77963,-1.72238 1.09945,-2.52727 0.75873,1.95389 1.4627,2.62075"
               id="path25"
               inkscape:original-d="m 295.28848,134.1985 0.39251,2.51517 -3.61256,-2.0826 3.62053,-4.36552 2.42709,4.64584" />
            <path
               d="m 300.31799,126.95431 -2.74829,-1.04397 2.39112,-0.12623 1.91068,-2.1879 1.16771,3.55094 1.52475,2.4836 -4.16685,-1.08392 -2.71328,0.84119"
               id="path26"
               inkscape:original-d="m 300.31799,126.95431 -2.80313,-1.0721 4.71663,-1.85358 1.73068,5.44783 -6.41801,-0.56106" />
          </g>
          <g
             fill="none"
             stroke-width="1.5"
             id="g29">
            <path
               d="m 357.68983,116.94461 2.28771,1.49368 1.97359,0.70729 -2.18639,2.04711 -2.42832,1.76093 -1.06226,-1.98994 -0.85975,-2.0122 2.66971,0.61757"
               id="path27"
               inkscape:original-d="m 357.68983,116.94461 4.40002,2.84858 -4.68327,3.19891 -1.73765,-3.79057 2.46777,0.62469" />
            <path
               d="m 353.24953,129.48072 0.81559,-2.43027 0.61468,-2.71888 2.40994,2.03353 2.01137,1.60694 -1.56788,1.39155 -1.98518,1.07084 0.12189,-2.30367"
               id="path28"
               inkscape:original-d="m 353.24953,129.48072 1.50507,-5.02089 4.38052,3.60239 -3.15373,2.72797 -0.09,-2.54402" />
            <path
               d="m 352.67763,123.48474 -3.4214,0.65152 -2.61279,1.53695 0.2677,-2.95305 0.38968,-2.83235 2.28712,0.18729 2.11998,-0.2178 -2.3243,1.99899"
               id="path29"
               inkscape:original-d="m 352.67763,123.48474 -6.19622,1.76421 0.66961,-5.67677 4.98199,0.92852 -2.54992,1.58267" />
          </g>
        </g>
      </g>
      <path
         d="m 255.93883,181.69233 c 1.25425,0.56887 2.64825,1.20606 4.09067,1.78839 1.39511,0.42362 3.02432,1.69065 4.4937,2.32656 1.36361,1.06228 2.47198,0.96523 3.6299,1.54621 1.09687,0.44544 2.22986,0.87566 3.06755,1.58218 0.6585,0.26813 2.13879,1.67108 2.30003,2.56986 0.13778,0.76797 -0.723,1.48672 -1.35008,2.20879 -0.66101,0.76117 -2.21808,0.8426 -3.71148,1.16892 -1.67913,-0.0975 -3.38235,0.14081 -4.59094,0.3173 -1.25975,0.18396 -1.66152,1.02245 -1.66152,1.02245 0,0 0.26904,0.87847 0.57543,1.6566 0.39357,1.09203 0.20249,1.05004 0.70035,1.93672 0.55689,0.99181 1.73867,2.57195 2.56337,3.36476 0.86413,0.8307 1.44687,1.79643 1.83796,2.95984 0.37547,1.10951 0.85765,2.66548 0.86317,4.02322 0.28776,1.46871 0.0397,2.69375 -0.25439,3.98043 -0.10375,1.40978 -0.77617,2.63427 -1.32999,3.79295 -0.54745,1.13956 -0.74587,2.26139 -1.39,3.07158 -0.63552,0.79935 -1.4474,1.54559 -2.04406,1.87546 -0.32768,0.18116 -0.93146,-0.63679 -1.58217,-1.73923 -0.68287,-1.22807 -1.47156,-2.61899 -2.15421,-4.12087 -0.81293,-1.60001 -0.90453,-2.89484 -1.36369,-4.06626 -0.47101,-1.20164 -1.58201,-2.65533 -1.58201,-2.65533 0,0 -0.46365,0.39742 -0.84418,1.46448 -0.63839,0.81193 -0.87514,2.94147 -1.53158,4.55435 -0.53927,1.80512 -1.3061,3.00237 -2.06367,4.33366 -0.81165,1.4168 -1.61592,2.6517 -2.50291,3.33448 -0.88552,0.68164 -1.94547,0.45026 -2.80288,-0.20074 -0.22148,-0.16816 -0.46652,-1.3583 -0.68061,-2.41897 -0.21608,-1.39513 0.18089,-2.14306 0.0188,-3.31252 0.37445,-1.34562 -0.53895,-2.85886 -0.79184,-3.84743 -0.2396,-0.93663 -0.31325,-1.33965 -0.31325,-1.33965 0,0 -0.24354,0.40906 -0.65716,1.08356 -0.42868,0.65524 -0.84006,1.8249 -1.57814,2.80874 -0.55998,1.20317 -1.623,1.98096 -2.61267,2.86256 -1.00501,0.88665 -2.19267,1.13823 -3.34438,1.59318 -1.13501,0.44834 -1.95044,1.22241 -3.11586,0.90639 -0.22088,-0.0599 -0.4758,-0.49634 -0.64808,-1.19745 -0.23255,-0.71065 -0.24482,-1.43072 -0.37531,-2.5929 -0.0632,-0.98547 -0.2483,-2.65318 -0.36263,-4.22529 -0.0947,-1.45309 0.73324,-2.45127 0.63601,-4.05425 0.83694,-1.11115 -0.59277,-3.68583 -0.9437,-5.49928 -0.30455,-1.57371 -0.42518,-2.89569 -0.51448,-4.11932 -0.0427,-0.58479 -0.60031,-2.27893 -0.67463,-3.19345 -0.51824,-1.60389 0.2512,-1.12647 0.30077,-1.84307 0.39878,-0.81349 0.20517,-2.3275 0.57016,-3.47247 0.31682,-0.99388 1.46054,-1.71029 2.23468,-2.54411 0.76523,-0.82423 1.65099,-2.34615 2.62567,-3.08079 0.88832,-1.40787 1.99723,-1.18523 3.00449,-1.73346 1.25715,-0.50814 2.63174,-0.0437 3.80664,-0.49497 1.54915,0.63647 2.27796,-1.18538 3.42646,-1.57325 1.03227,-0.66482 2.04308,-0.9122 3.09568,-1.10258 0.90367,-0.43278 2.14433,-0.23275 3.13753,-0.11691 0.91898,0.10718 1.82107,1.0233 2.49646,1.32963 z"
         fill="#ae00db"
         stroke="#29000a"
         stroke-width="2.5"
         stroke-linecap="butt"
         id="path31"
         inkscape:original-d="m 256.02252,181.93203 c 7.52546,3.41322 20.28329,6.98042 16.1302,11.76267 -1.98305,2.28349 -10.06261,2.22224 -10.06261,2.22224 0,0 1.59895,4.99531 3.94194,7.24768 5.18477,4.98421 1.04592,17.46983 -2.57104,19.46948 -1.31074,0.72464 -6.01797,-11.87121 -6.01797,-11.87121 0,0 -5.81267,16.61498 -10.04982,13.3979 -0.88593,-0.67265 -1.93264,-11.34921 -1.93264,-11.34921 0,0 -5.65668,10.79649 -11.516,9.20768 -1.32529,-0.35936 -1.39331,-13.6981 -1.97792,-21.70802 -0.17073,-2.33917 -1.15447,-7.92335 1.83527,-11.14361 5.35661,-5.7696 17.39082,-9.42619 22.22059,-7.23561 z" />
      <path
         d="m 272.43978,137.06691 c 2.03102,-0.17862 3.23876,-1.09089 5.15202,-1.10495 1.91348,-0.0449 3.75006,-0.11428 5.50745,-0.003 1.75784,-0.0473 3.41321,0.0497 4.98304,0.25367 1.5568,-0.0245 2.77418,-0.003 4.12227,0.26758 1.17241,-0.16717 2.81503,0.6566 3.97677,1.01113 1.03476,0.3221 1.70128,-0.13117 2.4262,0.14554 0.66535,-0.42261 1.28283,0.51899 1.70182,0.90501 0.25558,0.23547 1.22246,1.0579 1.22246,1.0579 0,0 -0.0734,0.31916 0.077,0.90423 -0.0275,0.58187 0.49088,1.48249 0.68046,2.52244 0.31782,1.04475 0.65611,2.55838 0.73753,3.84306 0.38904,1.60516 0.008,2.4273 -0.15541,3.74439 -0.22621,1.36409 -0.3656,3.07187 -0.92408,4.56692 -0.53209,1.42443 -1.44358,2.73108 -2.41667,4.03238 -0.64108,0.8573 -1.627,1.55722 -2.75773,2.23021 -1.16718,0.61179 -2.41308,1.31921 -3.78701,1.83579 -1.35741,0.57971 -2.83791,0.91713 -4.23206,1.29847 -1.40452,0.33616 -2.45013,1.23412 -3.61691,1.51194 -0.94362,0.82069 -2.62108,0.0778 -3.40134,0.14044 -0.70282,0.0564 -0.66409,0.53842 -0.66325,0.66451 -0.16091,2.47453 -0.42571,4.62596 -0.47297,6.81 -0.21482,2.075 0.0591,4.49871 0.11151,6.45514 0.14921,1.99414 -0.0969,3.18674 0.0187,4.77598 -0.10433,1.40633 0.30792,3.52695 0.50367,5.01258 0.18214,1.43762 0.32377,2.27693 0.52663,3.36626 0.18,0.95542 0.0978,0.99322 0.33199,1.93979 -0.047,-0.008 0.70565,2.5319 1.03489,3.56324 0.2134,0.61064 0.42965,1.17658 0.577,1.60904 0.19358,0.43398 0.23261,0.69793 0.29325,0.89924 0.0626,0.20778 -0.0672,0.21762 -0.0672,0.21762 l -3.97897,0.34492 -3.4918,0.10048 -3.75626,0.20802 -3.21069,0.79606 -4.10216,0.40778 -3.85378,-0.0806 -3.30084,1.23075 -4.66141,-0.48937 -3.00652,0.39663 -4.36428,0.20973 -3.02693,0.47696 -3.48176,1.1109 -3.57569,0.57907 -4.47255,0.3504 -3.13672,0.35151 -3.73646,0.42184 -3.48194,0.41498 c -0.0146,-0.004 -0.35686,-0.27691 -0.3104,-0.54544 -0.31354,-0.38934 -0.23289,-0.87239 -0.12885,-1.35448 -0.25068,-0.70883 0.0691,-1.97764 0.22984,-2.64014 -0.0452,-1.42515 0.29998,-0.48937 0.45237,-1.07168 0.31224,-0.48146 0.63277,-1.45822 0.997,-2.73604 0.40098,-0.51192 0.77818,-2.58686 1.21689,-4.04251 0.38707,-1.1797 0.21464,-2.70432 0.62905,-4.01564 -0.12691,-1.53556 0.6212,-2.93772 1.09237,-4.30475 0.23104,-1.64372 0.68111,-2.76369 1.20089,-4.13395 0.28361,-1.53437 1.18103,-2.87254 1.80515,-4.34746 0.6606,-1.42037 1.60339,-2.58122 2.28095,-4.05601 1.01961,-1.13811 0.76367,-3.34691 1.46662,-4.87011 0.051,-1.77584 1.55011,-2.77883 2.33489,-4.16574 0.90606,-1.27489 1.45695,-2.92841 2.23228,-4.2655 0.77877,-1.34303 1.63772,-2.73518 2.38719,-3.98345 0.94974,-1.58186 2.016,-2.84553 2.88512,-4.19029 1.0442,-1.17055 2.5307,-2.4466 3.34887,-3.59203 1.52953,-0.84763 1.40296,-1.99259 2.08285,-2.85405 0.7121,-0.97049 1.3984,-1.98353 2.10031,-2.74938 0.63544,-0.95607 1.07532,-1.8252 1.74979,-2.42736 0.43499,-1.05064 1.51055,-0.9902 2.24962,-1.476 0.85231,-0.30807 1.10558,-1.21928 1.93107,-1.6012 0.4459,-0.69037 2.18231,-0.66425 3.22524,-0.94062 1.1176,-0.1223 1.42773,-0.45234 2.31581,-0.61428 0.783,-0.23632 2.32666,0.52557 3.51405,0.39399 1.27236,0.74318 1.74999,-1.29727 2.91554,-1.6169 1.16817,-0.32035 2.55561,-0.18229 3.88589,-0.29928 z"
         fill="#420057"
         stroke="#29000a"
         stroke-width="2.5"
         stroke-linecap="butt"
         id="path32"
         inkscape:original-d="m 271.66634,136.27165 c 16.24815,-1.42891 29.35054,3.05806 29.35054,3.05806 0,0 4.34483,12.13067 -1.46263,19.89693 -3.84646,5.14381 -18.67825,6.72746 -18.67293,7.52518 -1.60908,24.74534 3.19739,34.86952 3.19739,34.86952 l -63.00698,6.68553 c 0,0 6.72852,-31.22494 18.12545,-50.20718 11.39693,-18.98224 16.22099,-20.39915 32.46914,-21.82806 z" />
    </g>
  </g>
</svg>
<!--rotationCenter:100.51408509508678:111.46659665349335-->

