<?xml version="1.0" encoding="UTF-8" standalone="no"?>
<svg
   version="1.1"
   width="145.70724"
   height="249.45423"
   viewBox="0,0,145.70724,249.45423"
   id="svg46"
   sodipodi:docname="slam2.svg"
   inkscape:version="1.4.2 (f4327f4, 2025-05-13)"
   xmlns:inkscape="http://www.inkscape.org/namespaces/inkscape"
   xmlns:sodipodi="http://sodipodi.sourceforge.net/DTD/sodipodi-0.dtd"
   xmlns="http://www.w3.org/2000/svg"
   xmlns:svg="http://www.w3.org/2000/svg">
  <sodipodi:namedview
     id="namedview46"
     pagecolor="#ffffff"
     bordercolor="#000000"
     borderopacity="0.25"
     inkscape:showpageshadow="2"
     inkscape:pageopacity="0.0"
     inkscape:pagecheckerboard="0"
     inkscape:deskcolor="#d1d1d1"
     inkscape:zoom="2.016402"
     inkscape:cx="72.902129"
     inkscape:cy="124.72711"
     inkscape:window-width="1366"
     inkscape:window-height="705"
     inkscape:window-x="-8"
     inkscape:window-y="-8"
     inkscape:window-maximized="1"
     inkscape:current-layer="svg46" />
  <defs
     id="defs4">
    <inkscape:path-effect
       effect="roughen"
       id="path-effect46"
       is_visible="true"
       lpeversion="1.2"
       global_randomize="1;1319436104"
       displace_x="0.9581;1"
       displace_y="1.64603;1"
       method="size"
       max_segment_size="2.8743"
       segments="2"
       handles="along"
       shift_nodes="true"
       fixed_displacement="false"
       spray_tool_friendly="false" />
    <linearGradient
       x1="312.20299"
       y1="231.91235"
       x2="308.00591"
       y2="319.8239"
       gradientUnits="userSpaceOnUse"
       id="color-1">
      <stop
         offset="0"
         stop-color="#470020"
         stop-opacity="0.87451"
         id="stop1" />
      <stop
         offset="1"
         stop-color="#000000"
         stop-opacity="0.38824"
         id="stop2" />
    </linearGradient>
    <linearGradient
       x1="353.64826"
       y1="230.70195"
       x2="353.98173"
       y2="318.79314"
       gradientUnits="userSpaceOnUse"
       id="color-2">
      <stop
         offset="0"
         stop-color="#470020"
         stop-opacity="0.87451"
         id="stop3" />
      <stop
         offset="1"
         stop-color="#000000"
         stop-opacity="0.38824"
         id="stop4" />
    </linearGradient>
    <filter
       inkscape:label="Basic Two Lights Bump"
       inkscape:menu="Bumps"
       inkscape:menu-tooltip="Two types of lighting emboss effect"
       style="color-interpolation-filters:sRGB;"
       id="filter49"
       x="-0.0086950244"
       y="-0.0054701396"
       width="1.017384"
       height="1.0105225">
      <feColorMatrix
         result="result2"
         type="luminanceToAlpha"
         in="SourceGraphic"
         id="feColorMatrix46" />
      <feSpecularLighting
         specularConstant="0.5"
         surfaceScale="-15"
         specularExponent="10"
         result="result10"
         id="feSpecularLighting46">
        <feDistantLight
           elevation="20"
           azimuth="225"
           id="feDistantLight46" />
      </feSpecularLighting>
      <feDiffuseLighting
         diffuseConstant="0.5"
         surfaceScale="15"
         id="feDiffuseLighting47">
        <feDistantLight
           azimuth="225"
           elevation="20"
           id="feDistantLight47" />
      </feDiffuseLighting>
      <feComposite
         result="result11"
         in2="result10"
         operator="arithmetic"
         k2="0.5"
         k3="0.5"
         id="feComposite47" />
      <feComposite
         in="result11"
         result="result9"
         operator="arithmetic"
         k2="1"
         k3="1"
         in2="SourceGraphic"
         id="feComposite48" />
      <feComposite
         in2="SourceGraphic"
         operator="in"
         in="result9"
         id="feComposite49" />
    </filter>
  </defs>
  <g
     transform="translate(-248.13357,-55.24838)"
     id="g46"
     inkscape:path-effect="#path-effect46"
     style="filter:url(#filter49)">
    <g
       stroke-miterlimit="10"
       id="g45">
      <g
         stroke="#29000a"
         stroke-width="2.5"
         stroke-linecap="butt"
         id="g5">
        <path
           d="m 358.9252,116.78661 c -1.03116,-0.23195 -2.53649,-1.75092 -3.67863,-1.96772 -1.18248,-0.56901 -1.8474,-0.0964 -2.98673,-0.2964 -0.94003,0.0796 -2.69024,-0.58354 -4.0021,-0.84262 -1.17443,-0.33786 -2.40765,-0.53522 -3.47783,-0.79333 -1.1637,-0.31858 -2.03107,-0.5158 -2.92242,-0.80458 -0.9503,-0.30242 -1.61397,-0.43442 -2.32671,-0.79596 -0.64156,-0.20813 -1.46468,-1.33906 -1.9395,-1.87047 -0.36563,-0.8604 -0.53909,-0.17148 -0.66494,-0.53287 -0.17946,-0.51534 -0.16643,-1.60573 0.19834,-2.3795 0.2784,-0.59058 0.89302,-0.83593 1.64097,-1.32327 0.8004,-0.20273 1.77863,-0.80384 2.75296,-1.21503 1.01364,-0.24015 1.9194,-0.7394 2.78826,-1.05239 0.89317,-0.29232 1.11628,-1.32763 1.67416,-1.51613 0.56231,-0.19 1.24283,0.14665 1.24283,0.14665 0,0 0.0873,0.0614 -0.27002,-0.43206 -0.10638,-0.17869 -1.00704,-1.339845 -1.76702,-2.241565 -0.61991,-0.719388 -1.33982,-1.477499 -2.11041,-2.224974 -0.79497,-0.771127 -1.61025,-1.562918 -2.41685,-2.047021 -1.07082,-0.642681 -1.69193,-1.219753 -2.60008,-1.904359 -0.62605,-0.660877 -2.1847,-1.761893 -2.98277,-2.541249 -0.90304,-0.84431 -1.03156,-1.177514 -1.49982,-1.773675 -0.41703,-0.673952 -0.99124,-1.36562 -1.32378,-2.044636 -0.3039,-0.616789 -0.43801,-0.632687 -0.52215,-1.252465 0.005,-0.01658 -0.19461,-1.768176 0.0299,-2.562385 0.16934,-0.598934 0.46223,-1.263119 0.87153,-1.644522 0.20218,-0.1884 0.65621,-0.40253 1.43217,-0.333211 0.70698,-0.105506 1.69659,0.06358 2.8554,0.324605 1.00471,0.06011 2.27417,0.108584 3.53321,0.472971 1.11206,-0.125834 2.51346,0.73817 3.6262,1.170449 0.97902,0.309281 1.87303,0.765372 2.50085,1.060765 0.5951,0.279996 0.62116,-0.185845 0.62116,-0.185845 0,0 0.39457,-0.237785 0.49409,-0.805074 0.45165,-0.462302 0.32805,-1.235794 0.53318,-2.129452 0.29062,-0.761813 0.50697,-1.847842 0.84958,-2.811785 0.3677,-0.876418 1.30658,-1.689904 1.79897,-2.42887 1.01956,-0.525569 0.55957,-1.345537 1.04372,-1.68413 0.60811,-0.425293 1.71556,0.09961 2.80254,0.620793 0.40783,0.195543 1.06238,-0.319947 1.89018,0.405877 0.84206,-0.297068 2.0502,2.218455 2.79527,3.221573 0.56123,0.755606 1.36513,1.326719 1.36513,1.326719 0,0 -0.0685,-0.506728 0.14465,-1.047761 0.0758,-0.679233 0.72773,-0.967837 1.32436,-1.643278 0.74715,-0.41496 1.32423,-1.58134 2.4197,-2.103062 1.08577,-0.517106 2.49994,-0.721896 4.2749,-0.586901 0.22959,0.01746 0.0931,-0.337457 0.46864,-0.03566 0.0268,-0.141009 0.81174,0.977692 1.48277,1.789959 0.24316,0.585934 0.53647,0.874332 1.12055,1.684208 0.12618,0.445742 1.18821,1.13255 1.93254,2.28164 0.51536,0.267287 1.32808,1.131464 2.0486,2.494631 0.5541,0.03638 1.00858,2.74963 1.61802,4.395201 0.52075,1.40609 1.36919,3.035385 1.72138,4.058068 0.17897,0.519688 1.0838,1.225888 1.35372,1.975325 0.90686,0.756124 0.63903,1.79357 0.82382,2.626816 0.34048,1.155757 0.23871,0.603495 0.27379,1.479538 -0.0288,-0.0093 -0.11877,2.513546 -0.38077,3.921425 -0.18666,1.00302 -0.3675,2.11333 -0.77337,2.84785 -0.41287,0.7472 -0.93849,1.45627 -1.49422,2.17666 -0.58936,0.69128 -0.84937,1.67359 -1.5184,2.35332 -0.36524,0.95192 -1.39313,1.42871 -2.18378,2.06523 -0.7299,0.67994 -1.05681,1.82956 -1.899,2.37744 -0.36425,1.20169 -1.88368,1.08088 -2.85058,1.53263 -0.93552,0.39685 -1.92391,0.62256 -2.83385,0.92904 -0.98872,0.13554 -1.47677,0.68805 -2.31733,0.89321 -0.6579,0.36593 -1.79483,0.47653 -2.68222,0.55901 -0.75243,0.17661 -1.49964,0.30684 -2.22167,0.25052 -0.71941,-0.0561 -1.21951,-0.31576 -1.77678,-0.44111 z"
           fill="#ae00db"
           id="path4"
           inkscape:original-d="m 358.60723,115.84851 c -9.28044,-2.08751 -24.37811,-3.23195 -21.48536,-9.36826 1.39202,-2.95288 10.29753,-4.63895 10.29753,-4.63895 0,0 -3.44615,-5.2256 -6.80905,-7.24393 -7.49572,-4.49877 -11.19536,-10.31167 -7.85863,-13.42099 1.21312,-1.1304 14.82162,2.8906 14.82162,2.8906 0,0 1.19033,-13.21827 7.06464,-10.40166 1.22348,0.58663 5.67313,5.37929 5.67313,5.37929 0,0 1.55005,-5.80638 8.66711,-5.26509 1.60709,0.12223 7.22034,7.57112 10.31829,16.5669 0.89483,2.59844 3.64726,8.62511 1.31991,12.83704 -4.12871,7.47199 -16.08335,13.998 -22.00919,12.66506 z" />
        <path
           d="m 392.73078,141.71052 c -0.12638,1.76087 -0.79164,2.54886 -1.05077,4.15418 -0.53407,1.05646 -0.62551,3.66205 -1.07035,5.32747 -0.32705,1.47382 -0.99828,2.73769 -1.46545,4.02831 -0.65255,1.2364 -0.56276,3.60141 -1.0905,4.75451 -0.0144,2.01234 -0.55011,2.17749 -0.99933,2.99847 -0.24989,1.41104 -1.63648,1.21395 -2.22594,2.08772 -1.19088,0.27712 -1.43682,1.74644 -2.12851,2.60747 -0.71791,0.61891 -0.85088,1.58343 -1.49085,2.2774 -0.23805,0.76835 -1.53898,1.3268 -2.20987,1.94247 -0.74146,0.43095 -1.69614,0.33736 -2.23367,0.78051 -1.10738,-0.22539 -1.04088,1.04826 -1.49187,1.45888 -0.3864,0.52001 -0.58436,0.87427 -0.90555,1.17637 -0.13888,0.47254 -0.91137,0.49585 -1.1713,0.69502 -0.49079,0.0946 -0.55998,0.0491 -0.64053,0.15794 -0.0959,0.12968 0.38025,0.85148 0.38025,0.85148 0,0 -0.49286,-0.0972 -1.04245,0.0984 -0.70562,-0.028 -1.38181,0.40324 -2.24434,0.71064 -0.98558,0.25224 -1.89276,0.61842 -2.92232,0.95743 -1.074,0.29772 -2.03867,0.7275 -3.07532,0.99243 -1.03082,0.26343 -1.90215,0.45435 -2.75025,0.48901 -0.82118,0.0336 -1.89014,-0.31186 -2.9989,-0.46805 -1.13085,-0.41383 -2.39241,-0.39078 -3.53281,-0.61462 -1.27711,-0.25457 -1.83118,0.15633 -2.7949,-0.0626 -0.75923,0.353 -2.61856,-1.00211 -3.35093,-1.32936 -0.56273,-0.25144 -0.79316,-0.25428 -0.79316,-0.25428 0,0 0.0327,-0.059 0.10099,-0.17687 0.0625,-0.11972 0.68467,0.43787 0.80392,0.19506 0.68373,0.39711 0.3146,-1.02916 0.52295,-1.64367 0.0703,-0.57093 0.58666,-0.39003 0.7095,-0.83396 0.51146,-0.24567 0.31539,-1.38419 0.46151,-2.17568 0.10834,-0.74218 -0.0311,-1.95412 0.0644,-2.74576 -0.18346,-1.24063 0.11401,-1.52785 0.1747,-2.28471 0.0349,-1.07808 0.64067,-1.84662 0.67177,-2.91508 0.5421,-1.07345 0.28372,-2.02503 0.21046,-3.36613 0.19199,-1.01364 -0.21272,-2.83538 -0.43943,-4.48731 -0.18392,-1.38653 -0.31066,-2.61249 -0.62544,-4.30147 -0.16419,-1.2535 -0.69182,-3.49656 -1.1514,-5.52015 -0.43234,-1.90367 -0.94782,-4.00601 -1.41504,-5.93277 -0.35692,-1.47193 -0.39508,-2.39513 -0.82944,-3.79298 -0.13558,-1.08404 -0.56779,-2.79674 -1.15171,-4.29918 -0.10396,-1.13411 -0.60596,-2.593 -1.25559,-3.98627 -0.0727,-1.08787 -0.64378,-2.09679 -1.36838,-3.42183 -0.0774,-0.75613 -1.55136,-2.51073 -2.40617,-3.85574 -0.66481,-0.82209 -1.37041,-2.19937 -2.13433,-3.28068 -0.60105,-0.94117 -1.46753,-2.00812 -2.19931,-2.95693 -0.71109,-0.90283 -1.56445,-2.21681 -2.2546,-3.04867 -0.76153,-1.15711 -1.03988,-1.07655 -1.61171,-1.72488 -0.611,-0.52936 -1.34724,-1.60887 -2.05122,-2.35596 -0.54183,-0.67734 -1.53124,-2.09996 -2.14791,-2.71612 -0.65675,-1.16787 -0.94138,-1.04387 -1.33351,-1.41121 -0.60373,-0.6896 -0.99191,-0.96004 -1.42756,-1.33238 -0.51578,-0.49569 -1.00643,-0.79222 -1.41004,-1.10043 -0.49426,-0.33992 -0.77085,-0.57252 -1.08962,-0.79102 -0.35003,-0.23993 -0.53408,-0.41554 -0.77442,-0.5602 -0.16639,-0.15507 -0.55404,-0.43252 -0.71123,-0.50024 -0.1275,-0.0549 -0.11448,0.12117 -0.11448,0.12117 l 2.72964,-0.59016 2.81427,-0.603521 2.74822,-0.905457 2.78616,-0.775362 2.73772,-0.857917 2.53503,-1.071909 2.70802,-0.892448 2.69229,-0.958861 2.72696,-0.793632 2.71053,-0.977453 2.57593,-1.082349 2.55519,-1.166514 2.93105,-0.667222 2.67423,-0.835883 2.5445,-1.371409 2.69727,-0.859052 3.30315,-0.559347 2.21265,-0.942375 2.86532,-0.581049 2.49621,-0.970447 2.88654,-0.376422 2.85089,-0.914277 2.62005,-0.930939 2.71237,-0.763226 2.65804,-1.116419 c 0.001,0.0026 0.0398,0.151479 0.0641,0.269411 0.046,0.189721 0.0616,0.272402 0.098,0.45803 0.0541,0.24358 -0.61154,0.120287 -0.55036,0.449142 -0.62359,0.07573 0.19315,1.030958 0.31149,1.678621 0.086,0.464851 0.0149,0.601135 0.10646,1.118405 -0.0389,0.32057 0.26828,1.490306 0.39522,2.239836 0.13526,0.752715 0.21579,1.394923 0.32097,2.044197 0.12228,0.859769 0.20726,1.252959 0.31921,1.981018 0.11839,0.730998 0.0304,1.327087 0.16212,2.246541 -0.0845,0.621586 0.0687,1.264235 0.21597,2.373059 -0.0626,0.401843 0.28774,2.376798 0.44939,3.708306 0.0941,0.963569 0.53866,2.655778 0.66513,3.794524 0.38541,1.43153 0.32806,2.17154 0.42489,3.15512 0.22905,1.35024 0.31346,2.48221 0.40651,3.60898 0.20052,1.43153 0.75712,2.3829 0.83316,3.55757 0.65908,1.34416 0.0661,2.47471 0.1067,3.77022 -0.0326,1.30362 0.0642,2.61503 0.0702,4.02455 0.004,1.28967 0.14068,3.30105 0.11338,4.78392 0.12189,1.72609 0.10712,3.24432 0.0478,4.56248 0.11608,1.93779 -0.0931,3.83858 -0.20008,5.10176 -0.05,2.50702 -0.11012,2.52584 -0.24736,3.55054 -0.18131,1.3537 -0.3287,2.4876 -0.4655,4.39369 z"
           fill="#420057"
           id="path5"
           inkscape:original-d="m 392.49789,141.61568 c -1.89566,26.41305 -19.86007,35.02014 -19.86007,35.02014 0,0 -7.76554,3.40843 -11.95009,3.57944 -4.10589,0.16779 -13.00438,-2.56696 -13.00438,-2.56696 0,0 6.27245,-9.80722 -0.16366,-36.34925 -6.42462,-26.49471 -26.32047,-41.02261 -26.32047,-41.02261 l 67.85199,-21.45613 c 0,0 5.91023,28.4695 3.44666,62.79537 z" />
      </g>
      <path
         d="m 306.83286,110.89222 c 0,0 -0.20105,0.54226 -0.50109,1.35224 -0.33527,0.80391 -0.27458,2.79539 -0.8033,3.84687 -0.53049,1.055 -2.02245,0.68089 -2.74018,1.40813 -0.80568,0.81635 -1.74372,1.53457 -2.73332,2.17763 -0.99075,0.63291 -1.88692,1.23483 -2.89996,1.70832 -0.89926,0.52144 -1.55579,1.06569 -2.47233,1.36963 -0.45923,0.50769 -2.07852,0.24904 -2.81626,0.32076 -0.57407,0.0558 -0.85996,0.42237 -0.95406,0.39936 -0.66671,-0.16302 -1.57889,-0.56841 -2.4548,-0.89217 -0.91155,-0.47593 -1.71758,-0.68493 -2.4836,-1.13126 -0.81978,-0.47452 -1.40076,-0.82621 -1.84006,-1.48417 -0.44093,-0.6604 -0.6677,-1.62362 -0.44588,-2.50924 0.19098,-0.76244 0.41418,-1.66257 0.83542,-2.36894 0.32051,-0.85256 0.94861,-1.18345 1.54875,-1.78121 0.64737,-0.46416 1.33603,-1.20904 2.1202,-1.71424 0.7328,-0.48391 1.56649,-0.59224 2.41151,-0.92112 0.85494,-0.0229 2.18635,-0.34438 3.07984,-0.55587 0.87784,-0.20777 1.04728,-0.63355 1.92118,-0.53634"
         fill="#8c00d5"
         stroke="#29000a"
         stroke-width="2"
         stroke-linecap="round"
         id="path6"
         inkscape:original-d="m 306.83286,110.89222 c 0,0 -1.48788,4.92285 -3.63748,7.10093 -4.02838,4.08173 -11.77286,5.48918 -12.31986,5.35542 -2.66683,-0.65207 -8.11757,-2.42254 -7.24855,-5.89206 1.14587,-4.57462 6.90744,-8.4532 12.24321,-7.85963" />
      <g
         stroke="#29000a"
         stroke-width="2.5"
         stroke-linecap="butt"
         id="g8">
        <path
           d="m 287.42749,195.81647 c 0.90335,0.34578 1.81227,0.57768 2.82994,0.92015 1.04833,0.50134 2.17256,0.87897 3.18553,1.21165 1.14892,0.53988 2.13729,1.10128 3.0668,1.42571 1.08103,0.77194 1.83563,1.07051 2.61477,1.37374 0.88007,0.76311 1.42839,0.35465 2.03783,0.64154 0.67339,0.11165 0.94936,0.52009 1.35626,0.94368 0.052,0.25618 0.6306,0.57659 0.65666,1.23059 0.0216,0.5416 -0.0442,1.54115 -0.55216,2.16159 -0.48484,0.59216 -1.30723,1.49586 -2.30089,1.8884 -0.9624,0.80877 -1.97262,0.89795 -3.04916,1.06316 -0.99275,0.43016 -2.52338,-0.8234 -3.32931,-0.85716 -0.7412,-0.0311 -0.82018,0.93997 -0.82018,0.93997 0,0 0.0942,0.37138 0.37301,1.13282 0.23104,0.63339 0.50943,1.57853 1.06257,2.61637 0.5291,0.99271 1.18092,2.09319 1.89606,2.73532 0.96526,0.86673 1.81076,1.77067 2.503,2.66839 0.69972,0.90192 1.21569,1.7496 1.60507,2.61601 0.37508,0.84102 0.57264,1.5608 0.63151,2.35818 3e-5,0.62676 0.0188,1.609 -0.283,2.30385 -0.28473,0.65552 -0.67119,1.28059 -1.33429,1.69524 -0.24829,0.15527 -0.803,0.2075 -1.59442,0.0237 -0.76678,-0.0822 -1.65994,-0.35156 -2.72284,-0.73934 -0.92716,-0.23096 -2.0609,-0.52318 -3.10768,-0.97629 -0.86554,-0.10374 -2.34475,-0.98545 -3.03639,-1.37961 -0.59445,-0.33878 -0.68868,-0.62572 -0.68868,-0.62572 0,0 -0.0879,0.45889 -0.37691,1.09146 -0.21552,0.68167 -0.72369,1.27184 -1.24167,2.16112 -0.55357,0.71432 -1.18905,1.9008 -1.89726,2.736 -0.67129,0.76675 -1.33881,1.46475 -2.08471,1.79352 -0.75844,0.33429 -1.76887,-0.10215 -2.55073,-0.62768 -0.41419,-0.27839 -1.13054,-1.14166 -1.79979,-2.1381 -0.66924,-0.99644 -1.28094,-2.10395 -1.28094,-2.10395 0,0 -0.22879,0.21333 -0.54925,0.60584 -0.39067,0.33082 -0.81178,0.89483 -1.45058,1.38114 -0.66384,0.47926 -1.42467,1.05572 -2.41203,1.33323 -0.99537,0.27976 -2.20901,0.24114 -3.59177,-0.0183 -0.20726,-0.0389 -0.44599,0.0644 -0.72876,-0.28995 -0.30029,-0.0846 -0.36767,-0.0926 -0.73038,-0.84632 -0.0902,0.0856 -0.68032,-1.26286 -1.10261,-2.51578 -0.19786,-0.37574 -0.65071,-2.15167 -0.9758,-3.43071 -0.23437,-1.02742 -0.5169,-2.11635 -0.73945,-3.25783 -0.24565,-1.25998 -0.93943,-2.69565 -1.03889,-3.82861 -0.0488,-0.55622 0.40268,-0.29237 0.36831,-1.14824 0.48051,-0.0261 -0.49962,-2.47793 -0.43475,-3.89922 -0.33867,-1.09107 0.34305,-1.58115 0.68062,-2.53529 0.36841,-1.04129 1.25799,-1.73848 1.91535,-2.52479 0.56459,-0.67533 1.21142,-1.26594 1.90853,-1.91329 0.71327,-0.58046 1.83185,-0.84793 2.6379,-1.45902 1.14106,-0.14585 1.59725,-1.15366 2.42596,-1.70142 0.84274,-0.54054 1.68401,-1.54316 2.54131,-2.03022 0.79996,-0.92283 2.23713,-0.69469 3.03783,-1.04917 1.34282,-0.14785 1.32204,-0.9639 1.97901,-1.20525 0.75437,-0.67052 1.88548,-0.0223 2.64096,-0.12783 0.97293,0.38599 1.26815,-0.28951 1.85425,-0.34517 0.61957,-0.0588 1.27048,0.0136 1.84553,0.23376 z"
           fill="#ae00db"
           id="path7"
           inkscape:original-d="m 287.29141,195.53697 c 7.22685,2.76628 19.44263,5.25218 15.35408,10.24579 -1.93937,2.36866 -9.65177,2.94508 -9.65177,2.94508 0,0 1.46334,4.67882 3.6575,6.649 4.8263,4.33366 6.22325,9.29195 2.78843,11.43984 -1.24147,0.77632 -10.98649,-3.57874 -10.98649,-3.57874 0,0 -4.04719,10.1663 -7.99671,7.51161 -0.82838,-0.55679 -3.27141,-4.67084 -3.27141,-4.67084 0,0 -2.49264,4.38053 -7.98318,3.35039 -1.24354,-0.23332 -4.18612,-6.57417 -4.84886,-14.12374 -0.19531,-2.22486 -1.21468,-7.5281 1.59746,-10.89187 5.08126,-6.07799 16.68235,-10.65974 21.34097,-8.87652 z" />
        <path
           d="m 264.22409,167.90988 c 0.5008,-1.69583 0.98501,-3.39286 1.56569,-4.93599 0.62087,-1.53726 1.20511,-1.93003 1.84783,-3.32192 0.79356,-0.62145 1.55595,-3.7168 2.40794,-5.21846 0.59481,-1.56404 1.25715,-2.26398 1.92802,-3.28932 0.68009,-1.16148 1.31802,-2.25049 2.06316,-3.23768 0.60528,-1.09077 1.37604,-2.09286 2.13539,-2.96906 0.61505,-1.02775 1.35494,-2.00196 2.10034,-2.75348 0.57766,-1.05967 1.4831,-1.16175 2.19225,-1.78352 0.80689,-0.43092 1.52587,-1.32585 2.25748,-1.88833 0.69091,-0.56458 1.41415,-0.72141 2.05448,-1.1572 0.72731,-0.16677 1.74265,0.17644 2.33958,-0.19875 1.09277,0.6345 1.08581,-0.97061 1.59419,-1.37725 0.27488,-0.47938 0.78864,-1.06651 1.12897,-1.35844 0.20298,-0.59902 0.92518,-0.1631 1.11932,-0.29037 0.96232,-0.11847 0.79578,0.0743 0.79578,0.0743 0,0 -0.28514,-0.14648 -0.28514,-0.14648 0,0 0.48681,0.0795 1.04295,-0.1327 0.70302,0.006 1.25985,-0.58109 2.13369,-0.90375 0.86679,-0.41263 2.05722,-0.58239 3.1278,-0.89882 1.16687,-0.20442 2.1142,-0.60966 3.10578,-0.81628 1.01865,-0.21225 2.30151,0.58376 3.11595,0.65566 0.78296,0.0691 1.91311,0.43331 2.86715,0.68757 1.10314,0.41282 2.06018,0.85984 2.93594,1.15691 1.13097,0.63344 1.53781,0.0757 2.24603,0.31877 0.7826,-0.17883 1.63467,0.64171 2.16493,0.94597 0.44735,0.25669 1.2135,1.05594 1.2135,1.05594 0,0 0.0901,0.21307 1.6e-4,0.31156 0.0524,0.25933 -0.26257,-0.4672 -0.42074,-0.2797 -0.28854,-0.42006 -0.75273,0.22273 -1.11986,0.74587 -0.48048,-0.064 -1.01404,0.43724 -1.34093,0.98025 -0.73837,0.0835 -0.59288,1.11545 -0.92118,1.76142 -0.27289,0.63018 -0.25024,1.5842 -0.56579,2.29747 0.0611,1.0172 -0.69079,1.26542 -1.0056,2.04657 -0.43604,0.73875 -0.84132,0.86159 -1.20088,1.88225 -0.55623,0.25098 -1.00233,1.95975 -1.4136,3.44611 -0.50731,0.6774 -0.69937,2.7989 -1.02283,4.32653 -0.27204,1.37131 -0.60656,2.61399 -0.8526,4.03686 -0.3303,1.44941 -0.35098,3.47526 -0.56574,5.091 -0.0701,2.01449 -1.11544,2.4858 -1.32484,4.07033 -0.23875,1.80668 0.32087,4.6573 0.15577,6.65492 -0.13801,1.66995 0.37906,4.33269 0.35903,5.90311 0.57692,2.24038 0.38925,2.92317 0.43136,4.05676 0.43618,1.81583 0.0644,2.39817 0.17015,3.57115 0.0647,1.31675 0.54576,3.55657 0.74191,4.83059 0.40414,1.79634 -0.002,1.44909 0.1774,2.33824 -0.044,0.90655 0.60124,2.6279 0.93312,3.81874 0.31729,1.07065 0.56972,1.9647 0.89481,2.89994 0.30472,0.89987 0.71885,2.07396 1.07955,2.93019 0.35139,0.95439 0.69461,1.52111 1.02581,2.19406 0.38309,0.72604 0.63474,1.10059 0.97159,1.69379 0.32297,0.41584 0.91646,1.41195 1.26721,1.95806 0.42175,0.53112 0.61181,1.20257 0.83432,1.52987 0.25678,0.6477 0.67561,1.2296 0.80467,1.39099 0.81765,1.35578 0.65504,0.21542 0.65504,0.21542 0,0 -0.51076,-0.37933 -0.51076,-0.37933 l -2.98924,0.38166 -2.61793,-0.10382 -2.53569,0.61849 -2.78812,0.55504 -2.8398,0.42594 -2.67277,0.27796 -2.26773,0.67343 -3.07298,0.61486 -2.58203,0.78153 -2.96578,0.206 -2.3828,1.08168 -2.99033,0.47889 -2.259,0.61452 -2.86329,0.55687 -2.94084,0.0583 -2.6721,0.35866 -2.6327,0.39281 -2.61179,0.71116 -2.842,0.59754 -2.64235,0.34726 -2.48337,1.09281 -2.78056,0.65151 c -4.1e-4,-0.005 -0.002,-0.0769 0.002,-0.20057 0.001,-0.12914 0.29895,0.19837 0.30823,-0.0367 0.30304,0.16122 0.029,-1.01523 0.0563,-1.58495 0.0112,-0.51675 0.21494,-0.32553 0.2345,-0.68436 0.21313,-0.23321 0.0579,-2.03106 0.0997,-2.69833 0.0127,-1.1897 0.0633,-0.41184 0.085,-0.73322 0.0724,-0.51271 0.2375,-0.74882 0.30223,-1.56944 0.20908,-0.22413 0.14012,-1.99799 0.24017,-3.10315 0.0545,-0.8502 0.13256,-1.84633 0.2253,-2.76167 0.0631,-1.02097 0.17976,-2.07014 0.28787,-3.02361 0.0969,-1.19321 0.21764,-1.88758 0.34211,-2.87153 0.13532,-1.08852 0.38473,-2.07374 0.54756,-3.22251 0.26708,-1.06429 0.39494,-2.3586 0.59094,-3.61813 0.23778,-1.1829 0.46893,-2.14465 0.6898,-3.44783 0.3058,-1.02335 0.46144,-3.40807 0.72941,-4.88283 0.19106,-1.76794 0.5508,-2.17839 0.79121,-3.37724 0.40196,-1.26784 0.80517,-1.70715 1.12963,-3.21957 0.57302,-0.46694 0.67148,-3.67079 1.05593,-5.66795 0.23891,-1.55443 0.63136,-2.98948 0.97968,-4.50936 0.37139,-1.62049 0.27841,-3.58387 0.72118,-5.0832 z"
           fill="#420057"
           id="path8"
           inkscape:original-d="m 264.12146,167.83076 c 8.01277,-27.13316 27.19914,-34.32254 27.19914,-34.32254 0,0 8.33893,-2.80946 12.33495,-2.45666 3.9148,0.34559 11.332,4.53786 11.332,4.53786 0,0 -8.97377,9.86755 -11.26282,37.56511 -2.07019,25.04936 10.10622,39.33913 10.10622,39.33913 l -59.6127,11.23078 c 0,0 0.56382,-24.26826 9.90322,-55.89367 z" />
      </g>
      <g
         stroke-width="2.5"
         stroke-linecap="butt"
         id="g10">
        <path
           d="m 315.0241,131.06926 0.39819,-2.49767 0.36466,-2.94622 0.44896,-2.20108 0.99148,-2.83737 0.31214,-2.53941 0.61472,-2.04079 0.10654,-3.58126 0.75275,-2.14213 -0.0274,-2.86298 0.0751,-2.4801 2.39723,-1.07325 2.92072,0.13886 0.16066,2.06467 0.48082,3.1717 0.43429,3.21987 0.28808,1.84368 0.33956,2.41238 0.38057,2.57567 0.52966,2.903 0.49981,3.08395 0.0834,1.42353 0.72674,3.19972 -3.19215,-0.24861 -2.18936,0.29422 -2.49804,1.02068 -2.74017,0.0293 z"
           fill="#ae00db"
           stroke="#29000a"
           id="path9"
           inkscape:original-d="m 314.98755,131.02091 4.06412,-26.22548 5.33379,-0.76531 3.72647,25.67062 z" />
        <path
           d="m 316.08519,123.52722 0.42565,-2.206 0.5258,-3.08715 0.45812,-2.34643 0.42727,-3.05599 0.42723,-2.34535 0.30191,-3.42892 0.50115,-2.0992 2.4069,-0.48686 3.15231,-0.18994 0.37864,2.57869 0.33091,2.50129 0.30658,2.36701 0.59433,3.50475 0.33907,1.95235 0.34547,2.53308 0.20326,2.08902 0.28507,2.24778 0.39059,3.17947 0.2166,2.45972 -2.46967,-1.27086 -2.36008,-1.3306 -2.65445,-1.42347 -2.12155,-1.06256 z"
           fill="#3c000f"
           stroke="none"
           id="path10"
           inkscape:original-d="m 316.07928,123.51531 2.97239,-18.71988 5.33379,-0.76531 3.72647,25.67062 z" />
      </g>
      <g
         stroke="#29000a"
         stroke-width="2.5"
         id="g13">
        <path
           d="m 279.45588,289.6757 0.89945,-2.70253 0.61861,-2.86489 0.47774,-2.72662 0.7531,-2.02873 0.79684,-3.06008 0.70142,-2.97264 0.54368,-2.73619 0.40095,-3.11011 1.39922,-1.13153 1.16536,-3.5967 0.69273,-2.7279 0.68023,-2.60746 0.46048,-3.34241 0.0539,-2.85317 0.9486,-1.93991 0.72798,-3.06803 0.60838,-2.97064 0.27441,-2.88618 0.62169,-2.46395 0.57817,-3.34435 0.51172,-2.23447 0.83822,-2.62327 1.11162,-2.73825 0.67797,-1.46693 0.72047,-3.89932 0.54442,-2.27931 0.20722,-3.47798 2.91516,0.17238 2.19523,-0.2609 2.66389,-0.0133 2.24833,-1.4451 3.07795,0.57266 2.90214,0.4258 2.1879,0.25244 2.46122,-0.3702 2.60486,0.10607 -0.19802,2.74918 -0.28674,2.74799 0.19064,3.44542 -0.023,2.77627 -0.24193,2.15846 -0.14277,2.95767 0.45516,3.43145 0.30743,2.42487 -0.31437,2.41285 -0.32151,2.82147 -0.15958,2.98075 -0.1281,2.7836 -0.4076,2.48252 0.0286,4.24069 -0.10437,1.70883 -0.4182,2.32775 -0.09,3.33776 -0.23311,2.47305 -0.10283,3.26779 -0.23992,2.3173 0.21473,3.17106 -0.43933,2.23501 -0.45545,2.89915 -0.29549,2.94658 0.35625,3.45407 -0.92871,1.66906 0.45269,3.59306 -2.57492,-0.0956 -2.82642,-0.20361 -2.65225,0.0394 -2.73304,0.447 -2.98965,-0.34752 -2.41771,0.80215 -2.44143,0.23691 -3.07005,-0.323 -2.71802,-0.2851 -2.69385,-0.4372 -2.60588,-0.13047 -2.79926,-0.43049 -2.47228,-0.28273 z"
           fill="#ae00db"
           stroke-linecap="butt"
           id="path11"
           inkscape:original-d="m 279.41202,289.66364 18.19707,-73.66266 23.11695,-0.73957 -3.60539,75.7036 z" />
        <path
           d="m 278.81797,288.61602 1.28042,-1.57721 0.75444,-2.35874 0.69077,-3.25781 0.59236,-2.31756 1.32651,-1.9545 0.9489,-2.89298 0.51595,-3.41049 0.19493,-2.55723 0.53047,-2.43431 0.47578,-2.80721 0.57036,-2.55823 0.75996,-2.17731 0.66563,-3.12227 0.61224,-2.58692 0.43137,-3.55833 0.70462,-1.83725 2.51075,-1.26156 2.9665,-0.75053 2.25215,-1.10002 2.40962,-1.34887 2.57983,-1.11236 2.56016,-1.14563 2.53853,-1.09411 2.52692,-1.15958 2.43508,-2.59153 2.51636,-0.20864 2.51517,-1.55161 2.67369,-0.0497 -0.0755,2.91313 -0.14595,2.79232 0.009,3.13579 -0.14031,2.5912 -0.39062,2.58149 0.36673,3.59855 -0.1585,2.3414 -0.0952,3.05842 -6.1e-4,2.77739 -0.18003,2.85638 0.47901,3.58098 -0.0719,2.1839 -0.2763,2.89782 -0.3101,2.71408 -0.29739,3.05794 -0.26684,2.72081 -0.2991,2.83222 -0.24431,2.88573 -0.0855,3.53263 -0.40689,2.18904 -2.83597,-0.27892 -2.75654,-0.92579 -2.78901,-0.14082 -2.49865,0.13477 -2.73751,0.0952 -2.9856,-0.28664 -3.15707,-0.90299 -2.12845,0.22839 -2.73737,0.56007 -2.76366,0.0334 -2.82383,-0.0693 -2.48281,0.56536 -2.88361,-0.17334 z"
           fill="url(#color-1)"
           stroke-linecap="butt"
           id="path12"
           inkscape:original-d="m 279.41203,289.66363 10.4496,-42.46932 30.4386,-13.62106 -2.70698,57.41274 z" />
        <path
           d="m 316.74613,300.16422 c 0,0 -0.28237,-0.27466 -0.53393,-0.21949 -0.33247,-0.0939 -0.89154,-0.2971 -1.3386,-0.20298 -0.72592,-0.33719 -0.96888,-0.37058 -1.55395,-0.24532 -0.71829,-0.42444 -1.69723,-0.20703 -2.57216,-0.0101 -1.02882,-0.3521 -1.62807,0.55752 -2.55959,0.78045 -0.90201,0.39386 -2.00979,0.22908 -3.07748,0.45495 -1.1069,-0.008 -1.9072,0.55561 -3.06186,0.77076 -0.92885,0.32261 -2.52724,0.35902 -3.84882,0.50613 -1.25706,0.0753 -2.51923,-0.0415 -3.76661,0.0149 -1.27273,0.0576 -2.48273,0.50031 -3.75031,0.4167 -1.1726,-0.0773 -2.34565,-0.12882 -3.54465,-0.21713 -1.18821,-0.0568 -2.2642,-0.0972 -3.4786,-0.1947 -1.10518,-0.0158 -2.35438,-0.11537 -3.60764,-0.22434 -1.08775,-0.0174 -2.55194,-0.43439 -3.78327,-0.54973 -1.1951,-0.31949 -2.47438,-0.37442 -3.58214,-0.47951 -1.25117,-0.26034 -2.67759,-0.41238 -3.67811,-0.50473 -1.44877,-0.29501 -1.38944,-0.0831 -2.18536,-0.15113 -0.80117,-0.0243 -1.99129,0.35416 -2.97248,0.27625 -0.80677,0.45776 -1.79573,-0.0632 -2.63502,-0.16342 -0.72619,0.011 -1.61981,-0.27884 -2.2931,-0.38898 -0.67432,-0.17216 -1.15015,-0.40778 -1.61752,-0.48778 -0.48733,-0.2994 -0.78433,0.33369 -1.10432,0.33555 -0.32582,0.002 -0.69213,-0.45713 -0.83322,-0.46621 -0.23712,-0.0152 -0.0572,0.89554 -0.41339,0.63073 -0.0472,0.65882 -1.18496,-1.0856 -1.85574,-2.02237 -0.37623,-0.52314 -0.80265,-1.42305 -1.17854,-2.10764 -0.37144,-0.89712 -0.47541,-1.10012 -0.77851,-1.82718 -0.16462,-0.6726 -0.68225,-1.82672 -0.94299,-2.84245 -0.21458,-0.90047 -0.32933,-1.88657 -0.41907,-2.89185 -4.7e-4,-0.98508 -0.0407,-1.90661 0.0669,-2.95825 0.17088,-0.94347 0.58274,-1.60781 0.97249,-2.73465 0.39067,-1.12951 1.11719,-2.74782 1.89604,-3.78645 0.43428,-0.57913 1.15265,-0.90319 1.85311,-1.21872 0.80566,-0.18906 1.18265,-1.28453 2.03912,-1.3848 0.72712,-0.90686 2.05015,-0.15434 3.22109,-0.0326 1.04122,0.0559 2.22143,0.30447 3.39148,0.57114 1.13388,0.24937 2.30057,0.40258 3.45983,0.76212 1.16631,0.18463 2.61835,1.1979 3.74549,1.62389 1.25306,0.7942 1.55675,0.11257 2.43618,0.46862 0.8394,-0.14097 2.28567,0.74916 3.27402,1.23451 0.84664,0.18113 1.07003,-0.031 1.7007,0.35295 0.188,-0.43343 1.44392,1.05421 1.90028,1.52576 0.23231,0.24004 0.4857,1.07443 0.4857,1.07443 0,0 0.34488,0.12391 0.83858,0.22015 0.54442,0.16072 1.15663,0.16062 1.97287,0.30858 0.84637,0.0926 1.74439,0.28051 2.82033,0.46555 0.98602,0.13471 2.34668,0.40885 3.53823,0.59645 1.20462,0.19959 1.70314,-0.17108 2.76212,-0.041 1.08864,0.13373 2.55788,0.26005 3.45596,0.30939 0.75814,0.0417 1.60879,-0.0612 2.63771,-0.0812 0.97699,-0.12999 2.89987,0.75686 4.11936,0.69359 1.70485,0.77041 2.10758,0.21593 3.14505,0.11566 1.32652,0.2267 2.59421,-0.15257 3.80617,-0.33903 1.26787,-0.0501 2.00787,-1.07894 3.05503,-1.2968 0.76334,-0.91 2.45983,-0.31408 3.33905,-0.41109 1.01885,-0.0111 1.49593,-0.001 1.88294,-0.0407 0.483,-0.0491 0.05,-0.95677 0.05,-0.95677 l -0.77153,2.74161 -0.0788,2.65702 0.0316,3.31174 0.25107,2.76941 -0.20622,2.51146 z"
           fill="#2c0177"
           stroke-linecap="round"
           id="path13"
           inkscape:original-d="m 316.68723,300.00538 c 0,0 -13.26799,3.1116 -26.01209,2.27101 -15.24369,-1.00545 -33.45622,-2.89761 -35.28497,-3.01525 -2.13407,-0.13728 -10.29967,-11.09948 -3.09162,-20.71183 4.77708,-6.3705 27.92303,4.60861 27.92303,4.60861 0,0 10.12773,2.54301 15.49124,2.83771 6.06518,0.33324 22.36323,-2.04915 22.36323,-2.04915 z" />
      </g>
      <path
         d="m 321.27167,288.3882 -0.70828,-2.90681 0.009,-2.61165 -0.01,-2.75463 -0.0396,-2.59337 0.17714,-2.66652 -0.0417,-2.93782 0.0512,-2.63499 0.31886,-2.63548 -0.27661,-4.18538 0.0265,-1.72518 -0.24294,-2.98266 0.0125,-2.69497 0.0553,-2.92964 -0.0222,-2.70369 -0.0428,-2.82419 0.29771,-2.76471 -0.2337,-3.5486 0.0783,-2.06424 0.51739,-2.39994 -0.12049,-3.34444 0.53994,-1.99227 -9.8e-4,-3.3041 -0.0466,-3.08307 0.42198,-2.35611 0.11998,-2.57638 -0.47196,-3.53363 -0.10023,-2.25339 2.68197,0.0549 2.66333,-0.0213 2.42899,-0.4793 2.56748,-0.87505 3.09123,0.16642 2.6253,0.17681 2.56148,0.29955 2.37608,0.20204 3.11742,0.61154 0.58247,3.03186 0.4453,2.23648 0.63378,2.80366 0.5318,2.31713 0.97539,4.18143 0.45143,2.12873 0.50161,2.5839 0.20784,2.81051 0.61797,2.8579 0.208,2.23347 0.65725,3.19425 0.74703,3.02814 1.0125,3.71987 0.35982,1.97205 0.25696,2.10122 0.24242,2.69433 0.63581,2.44662 0.8394,3.54382 0.70184,3.15728 0.60277,2.33787 0.74794,3.32656 0.47671,2.16605 0.64762,2.81939 0.62153,2.86187 0.88045,3.13078 0.38716,2.16785 0.62097,2.94205 0.78529,2.63275 0.16133,2.4802 -2.71157,-0.2727 -2.97188,-0.74903 -2.44289,-0.11109 -3.21729,-0.80729 -2.06692,-0.0417 -2.40718,0.74407 -3.42366,-0.61644 -2.52854,-0.1928 -2.63662,0.4685 -2.91812,-0.28523 -2.67597,-0.17776 -2.43833,0.11222 -3.41949,-1.20554 -2.35357,-0.63807 z"
         fill="#ae00db"
         stroke="#29000a"
         stroke-width="2.5"
         stroke-linecap="butt"
         id="path14"
         inkscape:original-d="m 321.34114,288.9054 0.0885,-76.04266 24.23668,0.72011 16.75493,80.09385 z" />
      <path
         d="m 320.78505,288.72932 -0.0345,-2.62134 -0.0421,-2.91343 -0.23724,-2.6285 -0.0131,-2.97043 9.6e-4,-2.51009 0.089,-2.55452 0.0116,-3.11487 0.29113,-2.21118 -0.0546,-3.83272 -0.0712,-2.2643 0.17638,-2.20306 -0.62737,-3.43215 -0.0635,-2.33173 -0.38005,-3.50038 0.18229,-2.02016 -0.29162,-3.68047 5.1e-4,-1.91506 0.23045,-3.01703 0.38005,-2.18611 0.48579,-2.63842 0.32027,-2.79229 3.03233,2.12266 1.67006,0.93111 2.34888,1.07455 2.22232,0.36667 3.15739,1.96834 2.10256,0.94584 2.68457,1.4858 2.06043,1.33855 2.46658,1.84091 2.38546,0.83154 2.29291,-0.12687 2.68981,1.16275 2.45387,1.49662 0.5141,2.61524 0.63527,3.51706 0.75144,2.40514 0.50433,2.46722 0.51216,1.86064 0.63405,3.43201 0.43419,2.45303 0.61301,2.76393 0.60302,3.22294 0.52686,2.73785 0.62936,2.8562 0.60896,2.7696 0.71732,2.90958 0.46008,2.53367 0.60599,3.11674 0.52733,3.09068 0.82906,2.43821 -2.68965,-0.0815 -3.00122,-0.42939 -2.79214,-0.55535 -2.61888,-0.16696 -3.05147,-0.9408 -2.4123,-0.18475 -3.13852,-0.52396 -2.50472,0.52189 -3.03297,-0.91475 -2.7838,-0.92216 -2.49254,-0.11771 -2.92951,0.97867 -3.14054,-0.99019 -2.65572,-0.4496 z"
         fill="url(#color-2)"
         stroke="#29000a"
         stroke-width="2.5"
         stroke-linecap="butt"
         id="path15"
         inkscape:original-d="m 320.86575,288.8549 0.0957,-57.66319 31.70328,15.62307 9.75648,46.86192 z" />
      <path
         d="m 366.2574,299.09892 c 0,0 0.005,0.20402 -0.23857,0.23087 -0.23703,0.11193 -0.4397,0.59361 -0.89907,0.64098 -0.32608,0.57884 -1.00183,0.26883 -1.70512,0.32629 -0.58739,0.21922 -1.90312,0.007 -2.75188,0.0624 -1.14947,-0.0588 -1.41059,0.17949 -2.19143,0.22585 -0.93724,0.14508 -1.94952,0.15993 -3.01964,0.21307 -1.04051,0.10074 -2.29295,0.0184 -3.45131,0.064 -1.21634,-0.0404 -1.72741,0.80518 -2.8947,0.84657 -0.81288,0.76566 -2.77129,0.0456 -4.21971,0.003 -1.22126,-0.0259 -2.48669,-0.13254 -3.7241,-0.19462 -1.24896,-0.10016 -2.23753,0.0616 -3.42527,0.0203 -1.22174,-0.0426 -2.51214,-0.118 -3.65358,-0.12011 -1.18647,-0.002 -2.48833,-0.0691 -3.70164,-0.0514 -1.28023,-0.0582 -2.20627,0.0918 -3.39827,0.12586 -1.11237,0.0847 -2.25118,0.74135 -3.5267,0.79306 -1.00309,0.71304 -2.52342,0.30702 -3.81832,0.36113 -1.13141,0.2512 -2.36172,0.34586 -3.55882,0.39307 -1.10591,0.29212 -2.51986,-0.16857 -3.66325,-0.13166 -1.21867,-0.22289 -2.09765,0.07 -3.09911,0.10317 -1.04757,0.0365 -1.87338,0.65511 -2.83894,0.68753 -0.84789,0.62136 -2.0424,-0.009 -2.97216,-0.009 -0.883,-0.0583 -1.81715,-0.74729 -2.5686,-0.76239 -0.84887,-0.75255 -1.03221,0.94807 -1.61205,0.98918 -0.43444,0.99378 -1.36257,0.0274 -1.9519,-0.0663 -0.39667,-0.0395 -1.35989,-0.81797 -1.69731,-0.9016 -0.30331,-0.0752 -0.29137,0.28973 -0.41254,0.2897 -0.25767,-5e-5 -0.42793,-0.0901 -0.82262,-0.33896 -0.25094,-0.22478 -0.86282,-0.53955 -1.37218,-1.05769 -0.44076,-0.3667 -1.10546,-2.28223 -1.60139,-2.97925 -0.39926,-1.58971 -0.44661,-0.74052 -0.71844,-1.18597 -0.36563,-0.71443 -1.12113,-1.86978 -1.49957,-2.80061 -0.51715,-1.04121 -0.61299,-1.69066 -0.77928,-2.61898 -0.183,-0.99504 -0.29744,-2.28638 -0.17754,-3.43778 0.0582,-1.22008 0.37186,-2.2228 0.84406,-3.35555 0.46125,-1.10648 1.16185,-1.93002 2.00517,-3.13967 0.42133,-0.60436 1.34665,-0.0906 2.03838,-0.50109 1.06994,0.59881 1.32752,-1.53278 2.18111,-2.00702 0.79933,-0.4441 1.65532,-0.55946 2.6933,-0.56334 1.02408,-0.004 1.81865,-0.49378 2.94213,-0.37072 0.94985,-0.42137 2.53112,-0.20747 3.83607,0.0614 1.21829,-0.3064 2.49041,0.56483 3.70361,0.91322 1.18512,0.33121 2.43846,0.78755 3.52462,1.16286 1.18867,0.45073 1.89026,0.50195 2.80896,0.85776 0.91134,0.18328 2.05753,0.91943 2.91029,1.2999 0.81715,0.44943 1.56878,0.67083 2.12302,0.93008 0.6837,0.27874 0.3186,0.0153 0.59512,0.1597 0.32051,0.16741 0.88459,0.57181 0.88459,0.57181 0,0 0.35257,0.0798 0.9043,0.17648 0.58246,0.11708 1.53361,0.74132 2.46283,0.8916 1.10018,0.65691 1.8279,-0.40089 2.91248,-0.28406 1.15338,-0.54354 2.21546,-0.0246 3.54638,0.17184 0.99171,-0.15521 2.46319,0.1098 3.80091,0.34256 1.20258,0.20924 2.63899,0.82351 3.56498,0.81473 0.82609,-0.008 1.89362,0.3133 2.96436,0.20544 1.15603,0.27924 2.25701,-0.18669 3.45875,-0.37705 1.2501,-0.1147 2.37669,-0.65566 3.62985,-0.90247 1.18006,-0.4861 2.34597,-0.51687 3.56514,-0.77235 1.06803,-0.27146 2.55897,-0.25262 3.67314,-0.49136 1.12423,0.0466 2.03829,-0.33601 2.83254,-0.55169 0.83946,-0.0906 1.4609,-0.23823 1.8923,-0.40995 0.42306,-0.1684 0.90975,0.13741 0.90975,0.13741 l 1.45956,3.05135 0.47568,1.57122 0.87848,3.1098 0.68736,2.48942 1.00413,2.74912 z"
         fill="#2c0177"
         stroke="#29000a"
         stroke-width="2.5"
         stroke-linecap="round"
         id="path16"
         inkscape:original-d="m 366.38481,299.20315 c 0,0 -18.50346,2.10954 -32.40788,2.08387 -16.61058,-0.0307 -36.51033,2.16599 -38.49794,2.16559 -2.31903,-4.5e-4 -11.6994,-10.89482 -4.37211,-21.40498 1.26401,-1.81308 3.89897,-2.49207 7.11858,-2.5041 9.21672,-0.0345 23.36722,5.41903 23.36722,5.41903 0,0 11.12331,1.96961 16.96448,1.91422 6.60869,-0.0626 22.65426,-3.71347 22.65426,-3.71347 z" />
      <g
         stroke-width="2.5"
         stroke-linecap="butt"
         id="g19">
        <path
           d="m 300.32283,100.00443 c -1e-5,-0.972548 0.64487,-0.91335 0.75313,-1.872854 0.46462,-0.520855 0.70157,-1.73635 0.96198,-2.841289 0.62187,-0.524357 0.192,-2.087758 0.53696,-3.09821 -0.0356,-0.942451 0.93167,-1.775765 1.32741,-2.657561 0.63672,-0.792071 0.81288,-1.482426 1.24798,-2.274708 0.50274,-0.690427 0.8112,-2.138942 1.34388,-2.93977 0.31139,-1.164737 1.06833,-1.265358 1.58583,-1.907564 0.69979,-0.625394 1.19863,-1.443111 1.84459,-2.099108 0.64419,-0.680271 1.27494,-1.691182 1.98166,-2.268346 0.62493,-0.965152 1.32751,-1.426695 2.06087,-1.863112 0.73217,-0.85095 1.50225,-1.014903 2.35895,-1.309356 0.76765,-0.483437 1.84279,-0.314675 2.81111,-0.464438 0.90455,-0.139899 1.70907,-0.620672 2.61254,-0.778086 1.01334,-0.176558 2.06651,-0.17089 3.04772,-0.195129 1.01253,0.08029 1.88947,-0.02717 2.80804,0.08527 0.93363,0.06584 1.85369,0.2905 2.74595,0.542764 0.88206,0.24143 1.52115,0.246029 2.35296,0.627373 0.70094,0.104411 1.79385,0.873972 2.64886,1.46744 0.72262,0.46084 1.03468,0.24724 1.72423,0.901926 0.4024,-0.05941 1.93396,2.210318 2.69012,3.269272 0.6921,1.057285 0.87888,1.416148 1.26373,2.087467 0.47001,0.934108 1.03845,1.954624 1.39856,2.792476 0.52363,1.157508 0.48945,1.49662 0.722,2.307106 0.14134,0.887876 0.37438,1.933583 0.54176,3.026182 0.1577,1.029478 0.23562,1.984385 0.23562,3.093185 0,0.943483 -0.24478,1.454731 -0.3431,2.384621 -0.30552,0.625317 -0.13492,2.455977 -0.36186,3.487352 -0.0291,1.160728 -0.51206,1.453648 -0.75591,2.233158 -0.40807,0.76621 -0.98739,1.70351 -1.3546,2.57485 -0.72068,0.72149 -0.16785,1.91135 -0.57374,2.69084 0.12822,1.10936 -0.8722,1.61643 -1.37152,2.37592 -0.48742,0.77859 -1.36664,0.84518 -1.93839,1.54741 -0.94782,0.11114 -1.72788,1.16239 -2.40987,1.87284 -1.04673,0.27576 -0.84692,1.26707 -1.46283,1.84686 -0.33285,0.68858 -1.3325,1.46426 -2.07302,2.03457 -0.60831,0.72759 -2.02506,0.91124 -2.74301,1.33356 -1.28162,0.29164 -1.17234,0.76999 -1.75219,1.07111 -0.74395,0.47482 -1.63689,0.62226 -2.45697,0.8757 -0.79367,0.24528 -1.44619,0.7447 -2.36992,0.86217 -0.98915,0.12579 -1.85868,0.39828 -2.81102,0.3787 -0.89666,0.20097 -1.9834,-0.13717 -2.9351,-0.31197 -0.91485,-0.18336 -1.27535,0.13672 -2.13199,-0.16146 -0.55341,0.16522 -1.84832,-0.36666 -2.84045,-0.94783 -0.64537,-0.0419 -1.92585,-1.20221 -2.75814,-1.90779 -0.7872,-0.59209 -1.35984,-1.17119 -1.9437,-1.80787 -0.68534,-0.67014 -0.85039,-1.2499 -1.36302,-1.96883 -0.27287,-0.71473 -1.21168,-2.08923 -1.69447,-2.96268 -0.4999,-1.14908 -0.90489,-1.59146 -1.21524,-2.28663 -0.54417,-1.03255 -0.65558,-1.22624 -0.89517,-2.03776 -0.29056,-0.61322 -0.50805,-2.13095 -0.63763,-3.29777 -0.113,-1.01752 -0.14822,-1.98165 -0.14822,-3.00506 z"
           fill="#ae00db"
           stroke="#29000a"
           id="path17"
           inkscape:original-d="m 300.57428,100.42779 c -5e-5,-12.64309 9.4162,-24.533 21.28596,-26.6011 12.16015,-2.1187 22.23846,6.83318 22.2385,20.04195 4e-5,13.20877 -10.07819,25.19821 -22.23833,26.74459 -11.86975,1.50945 -21.28608,-7.54234 -21.28614,-20.18544 z" />
        <path
           d="m 327.69182,109.85633 c 0,-0.65388 0.2611,-2.24847 0.84033,-2.85618 0.47382,-1.55545 1.9225,-0.74858 2.91511,-0.95693 1.02614,-0.21538 1.69904,-0.57553 2.95457,-0.75219 1.24418,-0.17507 2.44179,-0.0894 3.44664,0.0958 1.02051,0.24308 1.50014,0.14192 2.08175,0.58193 0.59755,0.45206 1.29375,1.57741 1.29375,2.24905 0,0.49702 -0.20776,0.98331 -0.55536,1.44247 -0.36108,0.45626 -1.39748,0.61951 -2.01077,1.00294 -1.12118,0.0878 -0.93258,1.38271 -1.54264,1.70538 -0.71581,0.37861 -1.75032,-0.0403 -2.75995,0.0946 -1.23502,0.165 -2.29934,0.18336 -3.28276,0.0185 -0.9178,-0.13559 -1.84867,-0.47382 -2.4434,-0.93346 -0.57184,-0.44195 -0.73335,-0.72158 -0.73335,-1.36262 z"
           fill="#d900e5"
           stroke="none"
           id="path18"
           inkscape:original-d="m 327.7172,109.87883 c -10e-6,-1.96163 2.98356,-3.97168 6.68861,-4.49301 3.73253,-0.5252 6.77872,0.6578 6.77872,2.64586 0,1.98806 -3.04618,4.00669 -6.7787,4.50537 -3.70505,0.49502 -6.68863,-0.69658 -6.68864,-2.65822 z" />
        <path
           d="m 302.4883,113.40771 c -10e-6,-0.63746 0.45966,-0.81449 1.01011,-1.40469 0.56945,-0.47596 1.28941,-2.06615 2.23465,-2.52968 0.93392,-0.45797 2.08517,0.69833 3.25161,0.53472 1.18199,-0.1658 2.28819,-0.23118 3.24048,-0.15061 0.95283,0.064 2.04344,0.44172 2.60246,0.79873 0.55601,0.35509 0.28753,-0.0435 0.28753,0.60056 0,0.64584 -0.26797,1.5577 -0.78388,2.26285 -0.48974,0.87819 -0.91172,2.52979 -1.81297,3.02441 -0.92142,0.50568 -2.5698,-0.80297 -3.76487,-0.64383 -1.1735,0.15627 -2.39986,-0.15924 -3.30892,-0.26465 -0.98485,-0.43808 -1.51222,-0.23837 -1.98616,-0.47847 -0.5624,-0.28491 -0.47514,-0.36484 -0.47515,-1.05672 z"
           fill="#d900e5"
           stroke="none"
           id="path19"
           inkscape:original-d="m 302.61724,113.75432 c -10e-6,-1.9124 2.83545,-3.86042 6.35597,-4.35423 3.54597,-0.49738 6.43941,0.66742 6.43942,2.60492 1e-5,1.93751 -2.89342,3.89345 -6.43939,4.36564 -3.52052,0.46881 -6.35599,-0.70393 -6.356,-2.61632 z" />
      </g>
      <g
         stroke="none"
         stroke-width="0"
         stroke-linecap="butt"
         id="g24">
        <g
           fill="#29000a"
           id="g21">
          <path
             d="m 312.49592,95.700428 c 0,-0.977348 0.12777,-1.897547 0.29937,-2.834221 0.15523,-0.951583 0.37296,-1.912406 0.69237,-2.765474 0.26817,-0.923768 0.61853,-1.785131 1.06366,-2.509051 0.36336,-0.875723 0.90767,-1.692049 1.47401,-2.243274 0.5103,-0.871427 1.21532,-0.908113 1.87861,-1.189328 0.66791,-0.283178 0.82834,-0.938198 1.52077,-1.09104 0.83054,-0.183326 1.37414,-0.347084 2.15698,-0.125622 0.58657,0.04563 1.76247,1.085082 2.52347,1.762582 0.65502,0.883821 1.05662,0.956071 1.52507,1.650733 0.48478,0.650437 1.14314,2.001855 1.47519,3.11166 0.31354,1.047945 0.55306,2.439136 0.55306,3.619912 0,0.854808 -0.14964,1.60161 -0.21621,2.562602 -0.19133,0.828831 0.0342,2.366166 -0.12601,3.422103 0.0725,1.2285 -0.35063,1.83193 -0.59004,2.71487 -0.28918,0.9736 -0.65746,1.80864 -1.05786,2.67842 -0.47159,0.77691 -0.83119,1.72279 -1.38746,2.44652 -0.49349,0.72104 -1.1946,1.29769 -1.92108,1.76929 -0.71844,0.46639 -1.13224,0.99474 -2.03125,1.16144 -0.68445,0.12692 -1.61516,-0.22231 -2.26056,-0.57681 -0.83351,-0.52165 -0.75236,-0.50411 -1.26054,-1.10238 -0.2905,-0.48688 -1.41611,-1.93335 -1.97447,-3.06296 -0.58503,-1.07176 -0.8474,-1.83274 -1.17654,-2.84222 -0.35642,-1.02893 -0.78256,-2.399884 -0.9714,-3.517724 -0.18454,-1.092433 -0.0699,-1.93741 -0.0699,-2.910999 z"
             id="path20"
             inkscape:original-d="m 312.54785,95.76548 c -2e-5,-5.86409 3.2958,-11.34537 7.40247,-12.25185 4.15271,-0.91663 7.55348,3.18342 7.5535,9.16709 0,5.98366 -1.22035,15.80975 -7.55343,16.98411 -4.10667,0.7615 -7.40253,-8.03528 -7.40255,-13.89937 z" />
          <path
             d="m 305.55313,98.019993 c -1e-5,-0.96768 -0.41572,-2.968219 -0.24751,-3.895253 -0.086,-1.157178 0.39649,-1.662865 0.69796,-2.44914 0.33704,-0.829586 0.75688,-1.622605 1.23538,-2.363349 0.47922,-0.664647 1.02507,-1.358722 1.60313,-1.936056 0.57677,-0.518392 1.0787,-1.084859 1.70014,-1.466423 0.62019,-0.3808 1.22586,-1.274991 1.89112,-1.421835 0.81398,-0.179672 1.52326,-0.34317 2.26482,-0.108323 0.71043,0.04146 1.49354,0.70432 2.15683,1.363944 0.57239,0.581371 1.38939,1.632539 1.84895,2.508705 0.65858,1.079652 0.71048,1.621964 0.90896,2.541864 0.22475,1.041666 0.11637,1.939119 0.11637,3.167624 10e-6,0.84618 0.27488,1.794557 0.15415,2.780008 0.21536,1.016442 -0.46539,1.699094 -0.71682,2.762249 -0.41738,0.769782 -0.59055,2.287632 -0.96847,3.411112 -0.33641,1.01261 -1.03922,1.95313 -1.45564,2.86832 -0.71743,0.83643 -0.7734,1.70812 -1.18747,2.42715 -0.40827,0.76407 -0.56298,2.18512 -1.05291,2.66944 -0.50296,0.49721 -1.29775,0.36722 -1.8832,0.48567 -0.7364,0.149 -1.44526,-0.76144 -2.06229,-0.99568 -0.49542,-1.02295 -0.79641,-0.2971 -1.19295,-0.62456 -0.47846,-0.33643 -1.05883,-1.08901 -1.50702,-1.81845 -0.41488,-0.70665 -0.70457,-1.38579 -1.02932,-2.26284 -0.22069,-0.76322 -1.04846,-2.14693 -1.28293,-3.16218 -0.62829,-1.13936 -0.35311,-2.24276 -0.36689,-3.072556 -0.0151,-0.910215 -4.7e-4,-2.129174 -4.7e-4,-3.003349 z"
             id="path21"
             inkscape:original-d="m 305.29179,97.26208 c -2e-5,-5.80608 3.23077,-11.22596 7.256,-12.11446 4.06989,-0.89836 7.40252,3.16776 7.40254,9.09104 2e-5,5.92326 -3.33284,15.97543 -7.40246,16.79882 -5.15479,1.04299 -7.25604,-7.96936 -7.25606,-13.77542 z" />
        </g>
        <g
           fill="#ffeaf9"
           id="g23">
          <path
             d="m 319.5906,85.838532 c 0.74956,-0.163982 1.55688,-0.1093 2.23283,0.06623 0.64698,0.960759 1.0585,0.404061 1.51485,0.674438 0.62886,0.416859 0.6879,0.176576 1.12556,0.754334 0.0999,0.06489 0.9248,1.493888 1.29513,2.7332 0.27985,0.936544 0.0519,1.405061 0.0519,2.424019 10e-6,0.771526 0.19762,1.658103 0.19219,2.592756 0.18404,0.94664 0.0297,2.219051 -0.0334,3.230468 0.001,1.222183 -0.37341,1.306191 -0.51633,2.217707 -0.40242,0.58663 -0.35406,2.44724 -0.69676,3.52189 -0.2092,1.01099 -1.02482,1.65109 -1.46427,2.34907 -0.82911,0.6668 -1.03049,1.2531 -1.55719,1.71032 -0.60627,0.52629 -1.13039,1.12834 -2.13643,1.24811 -0.6177,0.0735 -0.77571,0.009 -1.34471,-0.35206 -0.1946,-0.29627 -1.26134,-1.09672 -1.84151,-1.90571 -0.48998,-0.72246 -1.20428,-1.70825 -1.6177,-2.56065 -0.65989,-1.06306 -1.06463,-2.05065 -1.33614,-2.91759 -0.62815,-1.31265 -0.3933,-1.54843 -0.4683,-2.390063 -0.0858,-0.963229 -0.41056,-2.607405 -0.41057,-3.57854 0,-1.060616 0.14838,-2.069044 0.38723,-3.041615 0.25717,-0.955675 0.47369,-1.991347 0.90621,-2.833821 0.3181,-0.935001 1.43999,-1.130687 2.03541,-1.777267 1.07119,-0.181155 0.75652,-2.187701 1.33016,-2.72118 0.58204,-0.541288 1.32193,-0.147729 2.06851,-0.311061 z"
             id="path22"
             inkscape:original-d="m 319.55832,85.05289 c 3.74779,-0.81991 6.81393,2.88742 6.81395,8.2881 2e-5,5.40068 -0.16232,14.99791 -6.81389,15.78979 -3.70623,0.44124 -6.69079,-7.70901 -6.69081,-13.01208 -2e-5,-5.30308 2.98053,-10.25412 6.69074,-11.06581 z" />
          <path
             d="m 306.43692,97.581898 c -10e-6,-1.051116 -0.0122,-2.118134 0.20431,-3.110882 0.23188,-0.931309 0.75295,-1.553791 1.16094,-2.450748 0.63027,-0.496144 0.9471,-1.643068 1.49518,-2.441253 0.53938,-0.542768 1.36961,-0.90854 1.96191,-1.45377 0.59218,-0.545122 0.34389,-1.699426 1.04513,-1.852837 0.73604,-0.161026 1.32045,-0.597046 2.02024,-0.406168 0.65398,-0.245573 1.47092,0.34547 2.16394,1.005514 0.52054,0.249667 1.1763,1.359713 1.6539,2.271536 0.393,0.76189 0.87043,1.739239 1.1171,2.661545 0.26176,0.978713 0.36878,2.044505 0.36879,3.05089 0,0.76449 -0.22777,1.551941 -0.34628,2.447419 -0.28428,0.840743 -0.30636,1.629286 -0.52355,2.590422 -0.2437,0.784604 -0.28573,2.152554 -0.60707,3.153694 -0.0763,1.0376 -1.03296,1.69876 -1.41856,2.52426 -0.76826,0.69368 -0.74397,1.59279 -1.13091,2.25788 -0.38845,0.7084 -0.7858,1.30743 -1.22791,1.74334 -0.45727,0.45086 -1.05268,0.51107 -1.58814,0.6108 -0.9444,0.1759 -1.95606,-0.85848 -2.64999,-1.15478 -0.67331,-1.14581 -0.99408,-0.6485 -1.35794,-0.99165 -0.64674,-0.67574 -0.88714,-1.08873 -1.21805,-1.81766 -0.31384,-0.79537 -0.97816,-2.4942 -1.1673,-3.5385 -0.47455,-1.51406 -0.38907,-2.2324 -0.38035,-2.984677 0.0106,-0.913652 0.2702,-1.202494 0.2702,-2.22975 z"
             id="path23"
             inkscape:original-d="m 306.29666,97.47023 c -2e-5,-5.25558 2.92726,-10.15647 6.5709,-10.95359 3.68019,-0.80513 6.69078,2.87444 6.6908,8.22586 2e-5,5.35143 -3.01055,14.949 -6.69073,15.63444 -5.66638,1.05537 -6.57095,-7.65113 -6.57097,-12.9067 z" />
        </g>
      </g>
      <path
         d="m 306.53026,101.02304 c 0.007,-1.141 0.17359,-2.430737 0.41893,-3.395905 0.19351,-1.256478 0.0558,-1.811781 0.44319,-2.333804 0.43999,-0.592922 1.51823,-0.122953 2.0611,-0.229163 0.81451,-0.15935 1.48748,-0.139706 1.99063,1.012434 l -1.12837,1.847407 -1.15447,0.977274 1.51296,0.84618 1.16297,0.162612 0.18117,0.343675 c 0.0213,1.14577 -0.0898,2.41038 -0.32157,3.36263 -0.21067,1.09733 -0.58881,1.65198 -0.98137,2.20379 -0.41893,0.58886 -0.86652,1.00667 -1.38667,1.09973 -0.51031,0.0913 -1.00929,-0.15437 -1.41734,-0.62413 -0.42853,-0.48653 -0.87501,-1.45234 -1.10504,-2.32281 -0.23205,-0.87816 -0.0715,-0.99578 -0.0647,-2.14175 z"
         fill="#4b0038"
         stroke="none"
         stroke-width="0"
         stroke-linecap="butt"
         id="path24"
         inkscape:original-d="m 306.58963,101.18188 c 0.0202,-3.42301 1.27323,-6.43999 2.80448,-6.73957 0.81451,-0.15935 1.54413,0.4818 2.04728,1.63394 l -2.281,2.7964 2.92364,1.51529 0.0596,-0.0727 c -0.0612,3.3758 -1.31185,6.2986 -2.8232,6.56899 -1.53093,0.27387 -2.75105,-2.27953 -2.73084,-5.70235 z" />
      <path
         d="m 314.78915,99.437912 c 0.007,-1.141004 -0.008,-2.809999 0.23768,-3.775167 -0.0623,-1.553935 1.02435,-0.710649 1.47117,-1.163234 0.5078,-0.514347 0.94983,-0.766402 1.49285,-0.87264 0.81451,-0.15935 1.25739,-0.37997 1.76054,0.77217 l -1.12492,1.41322 -0.58803,1.780271 1.18861,0.560004 0.63155,-0.203787 1.06086,1.035422 c -0.1679,1.01339 -0.40458,2.021979 -0.72046,2.915389 -0.30181,0.90203 -0.76366,1.6764 -1.19528,2.26008 -0.43125,0.58319 -0.89562,0.45125 -1.39919,0.54135 -0.51031,0.0913 -0.54353,0.99503 -0.94305,0.60708 -0.0294,0.61625 -1.01287,-1.59919 -1.36136,-2.90755 -0.24847,-0.93286 -0.39922,-2.02223 -0.39361,-2.972017 z"
         fill="#4b0038"
         stroke="none"
         stroke-width="0"
         stroke-linecap="butt"
         id="path25"
         inkscape:original-d="m 314.92296,99.51522 c 0.0202,-3.42301 1.27323,-6.43999 2.80448,-6.73957 0.81451,-0.15935 1.54413,0.4818 2.04728,1.63394 l -2.281,2.7964 2.92364,1.51529 0.0596,-0.07274 c -0.0612,3.3758 -1.31185,6.2986 -2.82321,6.56899 -1.53093,0.27387 -2.75105,-2.27953 -2.73084,-5.70235 z" />
      <path
         d="m 309.51555,88.96504 c 0,0 0.10032,0.278178 0.0998,0.758443 0.0993,0.486853 -0.27949,1.095729 -0.2871,1.932194 -0.28321,0.785019 0.0215,2.247803 0.0174,3.354616 0.0297,1.35265 0.0976,2.042112 0.0895,3.096507 0.0969,1.222413 -0.0528,2.36375 -0.0832,3.5436 -0.055,1.16615 0.11609,3.25798 0.0666,4.3399 0.14816,1.71824 -0.65885,0.57189 -0.7454,1.10447 -0.1325,0.81535 0.26397,2.50274 0.15034,3.06707 -0.1621,0.80498 -0.23038,1.90362 -0.31702,2.69754 -0.056,1.01192 -0.0583,1.83955 -0.1828,2.49463 -0.0388,1.15458 -0.9404,1.06086 -1.27591,1.61862 -0.37614,0.62531 -0.13705,1.839 -0.8787,2.53983 -0.53277,0.50344 -1.06584,1.06122 -1.7243,1.52741 -0.59515,0.52978 -1.39657,0.85 -2.15953,1.2135 -0.7558,0.3028 -1.52377,0.67053 -2.32562,0.87136 -0.77763,0.21398 -1.5218,0.32984 -2.32705,0.30286 -0.80397,-0.0269 -1.86779,-0.61085 -2.62973,-0.92241"
         fill="#8c00d5"
         stroke="#29000a"
         stroke-width="2"
         stroke-linecap="round"
         id="path26"
         inkscape:original-d="m 309.51555,88.96504 c 0,0 0.0345,17.30185 -0.7045,20.97188 -0.6484,3.21993 -0.14105,6.66156 -2.81947,9.19254 -2.66382,2.5172 -6.96698,5.34624 -10.80808,3.7756" />
      <path
         d="m 345.8573,115.75102 c -0.84866,0.5409 -1.44311,1.10066 -2.30813,1.31777 -0.67387,0.43557 -1.9802,0.24939 -2.92942,0.16627 -0.89208,-0.10992 -1.62443,0.50034 -2.39069,0.26914 -0.85884,0.48091 -1.76557,-0.84866 -2.50796,-1.42033 -0.63094,-0.48584 -1.07868,-0.93444 -1.59244,-1.27274 -0.47248,-0.31112 -0.56471,0.04 -1.23016,-0.40763 -0.33232,0.17944 -1.85287,-1.26622 -2.85874,-2.03968 -0.77596,-0.57133 -1.84078,-1.55426 -2.55721,-2.1738 -0.96996,-0.91355 -1.31949,-1.14498 -1.81889,-1.63807 -0.7672,-0.71877 -1.13509,-1.32792 -1.50494,-1.86392 -0.4065,-0.58913 -0.32897,-0.75565 -0.45096,-1.31263 -0.12938,-0.59069 -0.29357,-1.43183 -0.30961,-2.42014 -0.11672,-0.99124 0.0231,-2.1267 0.0902,-3.315234 0.0707,-1.18703 0.013,-2.786817 0.12297,-3.975516 -0.0522,-1.446049 -0.12429,-2.843135 -2.5e-4,-3.723973 -0.23412,-1.560905 0.13486,-1.654978 0.29872,-2.05761 0.24069,-0.591457 0.61204,-0.663908 0.61204,-0.663908"
         fill="#8c00d5"
         stroke="#29000a"
         stroke-width="2"
         stroke-linecap="round"
         id="path27"
         inkscape:original-d="m 345.8573,115.75102 c -4.24331,2.70448 -8.91625,0.92258 -11.76712,-0.95466 -2.83486,-1.8667 -10.01461,-6.54167 -10.69762,-9.66007 -0.77626,-3.54416 1.13304,-15.79199 1.13304,-15.79199" />
      <path
         d="m 327.49136,88.73611 c 0,0 -0.0695,-0.157299 0.48681,0.294629 0.20345,-0.02486 1.50995,0.87692 2.61667,1.387747 0.93095,0.429697 2.20416,1.283132 3.14561,1.069091 1.03581,-0.23549 2.04434,-0.521867 2.89121,-0.971374 0.88836,-0.327363 1.44425,-0.983234 1.93982,-1.389277 0.48016,-0.393405 0.90114,-0.667639 0.90114,-0.667639 0,0 0.21737,1.403823 0.15528,2.207487 -0.0621,0.803663 -0.47366,0.813418 -1.20732,1.771748 -0.4076,0.5324 -0.76503,1.158986 -1.51027,1.628622 -0.74523,0.469636 -1.19865,1.230951 -2.42091,1.428406 -1.2988,0.209825 -2.36254,0.281908 -3.55288,0.16426 -1.07123,-0.08366 -2.1357,0.327305 -3.2708,-0.09544 -0.96515,0.265793 -2.57715,-1.163549 -3.71168,-1.946214 -1.02146,-0.673476 -1.8156,-1.487068 -2.64335,-2.269885 -0.83111,-0.898073 -1.67194,-1.67805 -2.39297,-2.537379 -0.80152,-0.930146 -1.58671,-1.943699 -2.20428,-2.830852 -0.78957,-1.049456 -0.97882,-1.507239 -1.46803,-2.328798 -0.43392,-0.794863 -1.28698,-2.402634 -1.74428,-3.298896 -0.53446,-1.153967 -0.64237,-1.275673 -0.90496,-1.841076 -0.33457,-0.705877 -0.77874,-1.712905 -0.99382,-2.237235 -0.33012,-0.747827 -0.0705,-0.402377 -0.1408,-0.606816 -0.12241,-0.356068 -0.40248,-0.848093 -0.40248,-0.848093 l 1.8752,-1.487425 2.1185,-1.153272 2.21359,-1.965814 1.71643,-2.211982 1.71538,-1.853291 1.96297,-1.63683 1.77258,-1.698388 1.46371,-2.266031 1.6865,-2.257267 1.49364,-2.047361 2.33385,1.527541 2.6722,2.046102 2.40317,1.63449 2.24775,1.453231 2.13112,0.542948 2.99858,2.394404 1.88033,1.059825 2.61742,2.327643 1.97092,0.802902 2.69094,2.087315 2.5381,2.400708 2.09896,1.344844 2.08989,1.538449 2.3622,2.168738 -1.17662,2.479194 -1.09445,2.724239 -1.11721,2.443298 -1.29122,2.497883 -1.0829,2.867915 -1.70912,1.973843 -0.40667,3.1193 -1.43817,2.216342 -0.51773,3.407164 -2.17784,1.18324 -2.60261,0.84695 -2.115,1.40873 -2.3649,1.38352 -2.4351,0.63445 -2.5261,1.1241 -2.44433,1.0599 -1.79305,1.82383"
         fill="#8c00d5"
         stroke="#29000a"
         stroke-width="2"
         stroke-linecap="round"
         id="path28"
         inkscape:original-d="m 327.49136,88.73611 c 0,0 2.98217,3.2262 6.07313,2.52346 3.10744,-0.70647 5.89236,-2.80616 5.89236,-2.80616 0,0 0.50105,2.2622 -0.96627,4.17886 -0.8152,1.0648 -2.23627,2.01974 -4.68079,2.41465 -15.58569,2.5179 -22.68078,-20.12266 -22.68078,-20.12266 l 18.2182,-18.37688 32.74316,22.6409 -10.038,23.53144 -18.24251,10.03755" />
      <path
         d="m 346.68176,101.37738 c 0.92101,-0.79771 1.8285,-1.610049 2.74767,-2.34706 0.89989,-0.762248 2.15926,-0.8723 3.04874,-1.465917 1.20764,-0.03656 1.61405,-1.687145 2.40483,-2.10572 0.66535,-0.975883 0.7788,-1.779607 1.46918,-1.842477 0.1743,-1.211692 1.98974,0.381911 2.92242,1.273179 0.57927,0.553545 1.37659,1.943857 1.73839,2.561069 0.8175,1.442717 1.6445,3.619286 1.97104,4.826376 0.51997,1.7404 -0.0552,1.34464 -0.0369,2.09145 -0.38297,0.80472 -0.55139,2.08635 -0.88617,2.99508 -0.68512,0.71714 -1.12235,0.85505 -1.56003,1.51063 -0.95144,0.0973 -1.02136,1.53463 -1.53752,2.25821 -0.43923,0.63618 -0.56284,1.51616 -0.99465,2.0541 -0.43351,0.54006 -1.18019,1.34721 -1.572,1.74718 -0.093,0.0949 -0.844,-0.21498 -1.34119,-0.005 -0.88337,-0.28912 -0.96611,0.53961 -1.64869,0.79428 -0.6994,0.39578 -1.29115,1.60913 -2.26783,1.87384 -0.65799,1.30314 -2.01447,0.90737 -3.2253,0.88218 -0.92615,0.4927 -2.35698,-0.36139 -3.51747,-0.72239 -1.02459,-0.31872 -1.99537,-0.64094 -2.82821,-0.94726 -0.95846,-0.35252 -1.91559,-0.7688 -2.78401,-1.63058 -0.89867,-0.5578 -1.79906,-2.0806 -2.35596,-2.92983 -0.50328,-0.76746 -0.69709,-1.23808 -0.69709,-1.23808"
         fill="#8c00d5"
         stroke="#29000a"
         stroke-width="2"
         stroke-linecap="round"
         id="path29"
         inkscape:original-d="m 346.68176,101.37738 c 5.52603,-4.78625 11.28771,-9.21316 14.06089,-4.48225 5.72249,10.09902 -1.6132,14.62708 -4.34904,17.41988 -0.55769,0.5693 -9.35212,4.50527 -14.82816,2.49116 -2.87538,-1.05756 -5.8592,-5.81386 -5.8592,-5.81386" />
      <path
         d="m 356.56631,110.91817 c 0.58949,0.41679 1.15778,0.60924 1.69624,1.20486 0.56447,0.33125 1.18664,1.7478 1.53231,2.58395 0.33401,0.95712 0.38186,1.14159 0.38166,1.7947 -0.0413,0.63555 -0.19149,1.82057 -0.72286,2.63383 -0.50252,0.76911 -1.41073,1.32364 -2.54598,2.00157 -0.9468,0.56539 -2.02288,0.94035 -3.02958,1.28565 -1.0697,0.25967 -1.97023,0.59577 -2.95163,0.73587 -0.99632,0.16413 -1.95675,0.21711 -2.90521,0.15661 -0.91977,-0.028 -2.64196,-1.3292 -3.49061,-1.59872 -1.32183,-1.27873 -1.00233,-0.27287 -1.37655,-0.37198 -0.72397,-0.19175 -1.15642,-0.28189 -1.71109,-1.10623 -0.83876,-1.24653 -1.43424,-2.19501 -1.94878,-2.97437 -0.46025,-0.75162 -0.78457,-1.21232 -1.03664,-1.58831 -0.23713,-0.35371 -0.49254,-0.70874 -0.49254,-0.70874"
         fill="#8c00d5"
         stroke="#29000a"
         stroke-width="2"
         stroke-linecap="round"
         id="path30"
         inkscape:original-d="m 356.56631,110.91817 c 2.94744,2.08396 6.18401,6.79379 0.43979,10.22403 -5.68082,3.39236 -13.06918,2.74067 -15.59799,-1.0176 -2.51626,-3.73957 -3.43821,-5.14699 -3.43821,-5.14699" />
      <path
         d="m 306.25007,116.66971 c 0,0 -0.26481,0.45783 -0.8969,0.96904 -0.55467,0.5631 -1.77998,0.735 -2.95215,1.12622 -1.15204,0.38451 -2.69706,0.16314 -4.20034,-0.15756 -1.23506,-0.26349 -2.17517,-0.66344 -3.00207,-1.41396 -0.79471,-0.58955 -1.1006,-1.49185 -1.60571,-2.43279 -0.0759,-0.68279 -1.06296,-2.0889 -1.38661,-2.79696 -0.26465,-0.57899 -0.44729,-1.10071 -0.44729,-1.10071 l -0.93039,-2.39392 -0.93785,-1.70106 -1.18572,-3.32056 -0.84766,-2.44207 -0.74416,-2.143571 -1.17546,-3.531082 -0.99027,-1.582036 -0.27802,-1.79689 1.21919,-2.283442 1.18046,-2.195103 1.26934,-2.541252 1.10337,-2.482793 1.12193,-2.32867 1.15717,-2.372737 1.04256,-3.21528 0.99702,-0.980187 1.7217,-2.088062 1.86477,-1.833801 0.0237,-3.893318 2.50122,0.82536 2.75971,1.195665 2.42115,0.877688 2.78918,1.4089 2.63137,1.47588 2.03136,0.449273 2.75431,1.056689 c 0.0164,0.03028 -0.0233,-0.02683 -0.004,0.336917 -0.0413,0.142143 0.28764,1.490803 0.28402,2.249324 0.24578,0.993146 0.25536,1.178571 0.22376,1.822751 0.23163,0.892613 0.44083,1.868747 0.32487,2.838509 0.43706,1.108486 -0.10799,2.598117 -0.34432,3.656691 -0.0232,1.499274 -0.49149,1.694583 -0.80587,2.607008 -0.41361,0.9651 -0.78773,2.351087 -1.34908,3.404231 -0.45233,1.099442 -1.11414,1.953142 -1.80717,2.797134 -0.66998,0.880049 -1.46013,1.581435 -2.32089,2.222509 -0.83852,0.619944 -2.17854,0.852718 -3.18339,1.251465 -0.99821,0.396115 -2.15218,0.797064 -3.32116,0.929982 -1.54521,-0.14369 -2.7192,-0.611055 -3.65805,-1.28515 -0.91877,-0.646278 -1.42386,-1.352258 -1.90885,-2.194094 -0.29852,-0.68632 -0.81935,-1.762854 -1.0376,-2.424026 -0.19306,-0.584866 -0.62536,-1.478547 -0.62536,-1.478547 0,0 0.67816,0.446763 1.62172,0.984512 0.97766,0.574581 2.19979,1.230527 3.40514,1.744556 1.22162,0.520968 2.24898,0.798539 3.09371,0.762137 0.84344,-0.03634 1.41683,-0.741516 1.9304,-1.469697 0.40843,-0.857799 1.00504,-1.363344 1.26058,-2.034805 0.26799,-0.704166 0.33551,-1.227167 0.33551,-1.227167"
         fill="#8c00d5"
         stroke="#29000a"
         stroke-width="2"
         stroke-linecap="round"
         id="path31"
         inkscape:original-d="m 306.25007,116.66971 c 0,0 -3.1293,3.69327 -7.67852,2.72276 -4.94024,-1.05393 -6.72097,-8.26365 -6.72097,-8.26365 l -7.56212,-19.56346 13.11988,-25.76471 18.0315,7.55903 c 0,0 1.0347,22.46828 -11.98987,23.94922 -6.18084,-0.57476 -7.41809,-7.06874 -7.41809,-7.06874 0,0 5.43378,3.17808 7.95107,3.0696 2.53032,-0.10901 3.33021,-4.97246 3.33021,-4.97246" />
      <path
         d="m 331.09308,75.898197 -1.43334,1.924376 -1.59384,1.602461 -0.98139,2.565599 -2.20313,0.584689 -1.78327,1.669766 -1.32309,-1.454988 -1.76021,2.161069 -1.89934,-1.683265 -2.21468,-2.672891 -1.73251,-1.372142 -2.01434,-1.532478 -2.12711,-1.09381 1.82519,-1.867234 1.97817,-1.6817 1.94063,-1.697523 1.71028,-2.236665 1.624,-1.50816 2.49451,-1.4419 1.59109,1.672447 2.30019,2.46254 1.78919,1.743747 2.24097,2.090126 z"
         fill="#8c00d5"
         stroke="none"
         stroke-width="0"
         stroke-linecap="butt"
         id="path32"
         inkscape:original-d="m 331.18571,75.96782 -8.09403,8.26898 -1.42002,-1.54164 -1.6608,2.13869 -9.98766,-8.77295 11.63759,-9.79849 z" />
      <g
         fill="none"
         stroke="#29000a"
         stroke-width="1.5"
         stroke-linecap="round"
         id="g35">
        <path
           d="m 355.10157,103.21698 2.06239,1.43036 2.13158,0.67827 -1.70132,1.4432 -1.6962,1.46813 -1.24328,2.15821 -1.07765,-2.60089 -0.71933,-1.91732 2.10531,0.37135"
           id="path33"
           inkscape:original-d="m 355.10157,103.21698 4.212,2.89317 -5.08515,3.59817 -1.39399,-3.99665 2.44196,0.57861" />
        <path
           d="m 347.80672,118.76108 0.4246,-2.41597 0.76451,-1.17285 0.73221,-1.84468 2.37909,2.69044 1.81309,1.1281 -1.69752,1.59313 -1.85076,1.34458 0.53171,-1.88463"
           id="path34"
           inkscape:original-d="m 347.80672,118.76108 1.99746,-5.39794 4.08867,3.72451 -3.4598,3.00095 0.15415,-2.71483" />
        <path
           d="m 348.40668,111.38878 -1.98116,1.29776 -2.25593,0.27156 -2.17745,0.33103 0.57122,-1.7505 0.74933,-1.69677 -0.046,-2.21684 2.54911,0.5056 2.47893,0.18266 -1.39382,0.84517 -2.14246,0.47204"
           id="path35"
           inkscape:original-d="m 348.40668,111.38878 -6.35545,2.0668 1.20322,-6.0389 4.89103,0.80995 -2.70537,1.77217" />
      </g>
      <path
         d="m 320.79453,219.84641 -2.45466,1.49235 -2.30897,1.41643 -2.48244,1.5118 -2.40911,1.18523 -2.64616,1.2719 -2.21857,2.21632 -2.34964,1.48038 -2.42164,1.74508 -2.08071,1.63979 -2.67075,1.28065 -2.15752,1.5128 -2.20944,2.15766 -2.83,1.277 -2.7319,0.87785 c -4e-4,-4.1e-4 0.23549,1.03998 0.24945,0.84448 0.25427,0.79153 0.0741,-1.00344 0.13889,-1.95745 0.034,-0.39144 0.36316,-0.4633 0.39974,-0.98081 0.34989,-0.24689 0.0435,-1.51581 0.0994,-2.34623 -0.009,-0.77488 0.20285,-1.13375 0.25722,-1.91142 0.17108,-0.63449 0.15883,-1.72703 0.2333,-2.76683 0.0982,-0.83274 0.19406,-1.8149 0.27755,-2.9228 0.13031,-0.87929 -0.27798,-2.88303 -0.17981,-4.11197 -0.37423,-1.56283 -0.0248,-2.14434 0.087,-3.16414 -0.0694,-1.34461 0.27899,-2.51773 0.46413,-3.73885 0.17456,-1.36299 0.45122,-2.38916 0.67909,-3.65835 0.28377,-1.20116 0.78123,-2.69718 1.02138,-4.09588 0.23287,-1.35632 -0.15476,-3.19599 0.0688,-4.55093 0.13066,-0.79193 -0.0882,-1.77189 0.0685,-2.60497 -0.21049,-0.97342 0.74093,-1.50574 0.92691,-2.33994 0.61379,-0.74691 0.39161,-1.77765 0.60552,-2.67488 0.20375,-0.90009 0.89783,-0.51888 1.1293,-1.41483 0.77657,0.0567 0.3393,-3.04132 0.64221,-4.37532 -0.0916,-1.31859 0.67578,-0.8563 0.87729,-1.60335 0.5969,-0.38253 0.61864,-2.09544 0.89699,-3.21713 0.29643,-0.83867 0.65647,-1.57886 0.90141,-2.4779 0.25455,-0.93434 -0.10647,-2.40865 0.23637,-3.18255 0.37463,-0.84569 1.18472,-1.30517 1.60288,-2.0904 0.83763,-0.46895 1.55917,-0.80458 1.93659,-1.59924 1.14035,-0.0886 0.77904,-1.64378 0.93171,-2.65881 0.19134,-0.43916 -0.36641,-2.06658 -0.36784,-2.82525 -0.001,-0.67241 0.54071,-0.67638 0.52399,-1.11955 -0.0439,-1.16424 -0.18064,-2.31463 -0.21544,-3.27905 -0.13169,-1.02916 -0.0161,-1.7369 -0.0402,-2.53466 0.0193,-0.81029 0.0164,-1.53729 -0.007,-2.31185 0.0413,-0.69147 -0.0703,-1.73148 -0.10356,-2.53552 -0.0473,-0.88032 0.0367,-0.98421 0.002,-1.74909 0.0579,-0.42251 -0.70644,-3.02311 -0.78372,-4.19606 -0.0661,-1.00328 0.29931,-1.45604 0.24606,-2.54345 -0.0475,-0.97052 -0.0919,-2.10439 -0.0912,-3.19847 -0.0233,-1.15312 0.18075,-1.93999 0.21681,-3.05814 0.19821,-0.98098 -0.0587,-2.63437 2.8e-4,-3.84475 -0.0976,-1.25246 -0.0132,-2.2894 0.0549,-3.28046 -0.0604,-1.16267 0.0572,-1.94366 0.14034,-2.78229 -0.003,-0.91087 0.0467,-2.5647 0.14284,-3.21909 -0.0949,-1.21394 0.49958,-0.53737 0.5562,-0.71338 0.17127,-0.53248 0.26428,0.005 0.26428,0.005 l 2.98026,0.23627 2.56446,-0.33406 2.71374,-0.30216 2.81149,0.19018 2.70856,-0.47513 3.16351,0.14487 2.04494,-1.1602 2.6837,-0.72682 2.26749,-1.33131 3.12617,-0.33949 2.6775,-0.41981 2.69321,-0.72514 3.00417,0.32703 2.57437,-0.50087 2.40414,-0.0605 c 0.0216,0.006 0.49405,0.80306 0.56033,0.97257 0.42733,0.70627 0.10769,0.16971 0.10769,0.16971 0.19015,0.38059 0.19401,0.53791 0.33078,0.97166 0.13553,0.42984 0.9352,2.36402 1.11649,2.9943 0.68619,1.56234 0.65626,0.35076 0.70501,0.5244 0.74496,0.6726 0.25045,1.20252 0.44838,2.0008 0.0912,0.68951 0.64874,2.50362 0.88125,3.53394 0.36976,1.39636 0.46207,1.55882 0.62667,2.33399 0.34497,1.07465 0.50675,2.05313 0.71407,3.11659 0.30047,1.12453 0.23487,1.93635 0.43957,3.08553 0.039,0.98562 0.37305,2.0578 0.59917,3.38599 0.15637,0.87238 0.26591,2.67941 0.50085,4.12764 0.0126,1.21801 0.0624,2.00626 0.28801,3.33763 -0.1224,0.85517 0.43567,2.78493 0.7404,4.34198 0.15961,1.17687 0.55126,2.70833 0.81826,4.07462 0.26492,1.35571 0.51144,2.70125 0.67892,3.94595 0.0866,0.64353 0.76822,2.33356 0.85753,3.09499 0.64647,1.43571 0.24646,1.00055 0.29949,1.48857 0.23142,0.91554 0.11645,1.49277 0.20685,2.42741 0.0345,0.79813 -0.19378,1.29833 -0.0948,2.4335 -0.27948,0.48161 0.61352,3.45666 0.72804,4.87708 0.45492,1.64495 0.29863,2.18598 0.36661,3.07517 0.23937,1.48009 0.20795,2.2595 0.28401,3.31783 0.13558,1.34901 0.37929,2.55728 0.45929,3.74354 0.29394,1.40341 0.35252,2.68137 0.42738,3.87508 0.2695,1.48785 -0.0668,1.93543 10e-4,3.11008 -0.12836,1.0179 -0.54581,2.3363 -0.46913,3.75958 -0.62858,0.95041 -0.006,2.50086 0.0755,3.95424 -0.0864,0.98438 0.29134,3.18147 0.37402,4.57101 0.19688,1.47911 0.31558,2.72948 0.38162,3.81585 0.24522,1.53771 -0.0227,0.96729 0.0367,1.9549 -0.0545,0.45325 0.16146,2.95381 0.24923,4.39256 0.0472,1.05095 0.0858,2.1678 0.15038,3.21079 0.0151,1.00241 -0.2011,1.93699 -0.14038,2.88261 -0.26499,0.89014 0.29277,2.11044 0.36291,2.98134 0.22342,0.96994 0.43041,2.05236 0.48607,2.71025 0.35381,1.09559 0.0609,0.88717 0.0895,1.31002 0.0277,0.57605 -0.0669,1.20249 -0.0463,1.68525 -0.12016,0.47777 0.10495,1.06694 0.13056,1.39231 0.0786,0.43353 0.19415,0.75534 0.20057,0.88179 0.0101,0.19921 -0.1519,-0.052 -0.1519,-0.052 l -2.30503,-1.27635 -2.71585,-1.7382 -2.41315,-1.41035 -2.24269,-1.27958 -2.4096,-1.37957 -2.03974,-1.12139 -2.56222,-1.15975 -2.9394,-1.78732 -2.31742,-1.3325 -2.24778,-0.83487 -2.75774,-1.78486 -2.29241,-1.41313 -1.96848,-0.86205 -2.87209,-1.93461 z"
         fill="#4f0080"
         stroke="#29000a"
         stroke-width="2.5"
         stroke-linecap="butt"
         id="path36"
         inkscape:original-d="m 320.7544,219.50628 -33.9365,21.4 c 0,0 1.18622,-17.12301 4.12218,-34.91677 1.17601,-7.1274 3.08336,-16.546 6.39884,-24.03025 1.87316,-4.22842 4.2382,-7.99899 4.13515,-10.73005 -0.30753,-8.14962 -0.28971,-10.4529 -0.68753,-18.57672 -0.3802,-7.76412 0.81664,-21.03751 0.81664,-21.03751 l 41.07339,-4.86784 c 0,0 6.36215,21.69382 9.20286,42.80586 2.16472,16.08813 5.26948,70.90432 5.26948,70.90432 z" />
      <g
         fill="#9b009c"
         stroke="none"
         stroke-width="2.5"
         stroke-linecap="butt"
         id="g38">
        <path
           d="m 317.72795,145.01344 -0.94718,-3.16325 -0.39314,-2.25928 -0.2039,-2.43142 -0.76338,-2.5415 -0.48145,-2.22437 -0.49459,-2.33548 3.29543,-0.21324 1.95223,-0.59256 3.31771,0.69133 2.78,-0.69345 2.24262,-1.60346 -1.5364,2.51267 -1.77343,2.10539 -1.69396,2.07455 -1.63417,2.53112 -1.48706,2.31729 -1.15499,2.75183 z"
           id="path37"
           inkscape:original-d="m 317.24421,144.20693 -2.81347,-14.16486 13.99722,-1.60625 z" />
        <path
           d="m 319.35998,136.70018 0.21711,3.09987 0.29693,2.90013 -0.38946,2.04668 0.15049,3.53962 -0.0515,2.4018 0.37443,3.40542 0.40755,2.83149 0.36426,2.8282 0.69351,3.33237 0.21333,2.37785 0.11129,1.72894 0.70378,3.87308 0.1081,1.95424 0.34937,3.75891 0.0846,2.61276 0.0899,2.91551 0.11664,2.7992 -0.0245,2.7242 0.22742,2.9156 -2.34526,0.87811 -2.53472,1.92867 -2.12073,2.21963 -2.20804,1.65358 -1.48347,2.12253 -2.68135,1.61705 -2.34664,1.53186 -2.22162,1.65242 -1.75503,-2.12606 -1.22977,-1.14263 -2.10909,-2.45688 -1.6261,-2.27651 -1.52253,-1.98762 -1.61523,-1.65096 -1.80912,-1.82021 1.52993,-1.97419 1.41073,-2.9457 1.17255,-2.57903 1.04881,-2.73494 1.32631,-1.77759 1.47917,-3.07033 1.13472,-2.85403 1.09014,-2.46595 0.83712,-2.75944 1.20674,-2.32965 1.31005,-2.69513 1.23821,-2.20418 1.46749,-2.46584 1.64743,-1.61405 1.2268,-4.48592 0.51668,-2.11808 1.03708,-3.3656 0.94717,-2.01754 1.03814,-2.78438 1.41536,-2.38579 1.44244,-2.36609 z"
           id="path38"
           inkscape:original-d="m 319.37814,136.9844 3.88002,53.68256 -17.55206,14.29648 -11.87606,-14.04018 25.5481,-53.93887 z" />
      </g>
      <path
         d="m 327.63395,126.35691 2.47546,0.11603 3.00765,0.52678 2.72141,0.34243 -2.47795,1.25208 -1.95425,1.46425 -1.84073,1.96529 -1.53141,1.70675 -2.14497,1.87249 -1.96682,1.50206 -2.57671,1.02052 0.65217,-2.98029 1.31689,-2.14473 1.41025,-1.73568 1.42906,-2.91135 z"
         fill="#6900cc"
         stroke="#29000a"
         stroke-width="2.5"
         stroke-linecap="butt"
         id="path39"
         inkscape:original-d="m 327.52101,126.06305 8.37149,1.37434 -14.09337,11.14904 z" />
      <path
         d="m 315.40151,139.72743 -1.95031,-2.5269 -1.91959,-2.11335 -1.94837,-2.01904 -2.20725,-2.69317 2.2449,-0.29445 2.20449,-0.54539 1.92258,-1.03413 2.28895,-0.5327 -0.19214,2.18503 -0.13196,2.31866 -0.0392,2.38827 -0.11876,2.42335 z"
         fill="#6900cc"
         stroke="#29000a"
         stroke-width="2.5"
         stroke-linecap="butt"
         id="path40"
         inkscape:original-d="m 315.34704,139.26644 -7.70334,-8.47795 8.04055,-3.29323 z" />
      <path
         d="m 290.37522,117.78824 2.13738,-1.19094 -0.74866,1.99723 -0.67081,1.61182 -2.43523,-1.7969 -0.95164,1.5998 1.465,-2.22725 0.99603,-3.1431"
         fill="none"
         stroke="#29000a"
         stroke-width="1.5"
         stroke-linecap="round"
         id="path41"
         inkscape:original-d="m 290.37522,117.78824 2.15627,-1.14799 -1.23332,4.1007 -4.44452,-2.13546 3.67525,-3.74245" />
      <path
         d="m 299.65914,113.26974 0.12106,-2.29773 1.39922,1.1525 2.14733,2.6218 -2.37207,0.88978 -2.04482,1.13703 -0.7575,-2.48373 -1.26784,-2.67096"
         fill="none"
         stroke="#29000a"
         stroke-width="1.5"
         stroke-linecap="round"
         id="path42"
         inkscape:original-d="m 299.65914,113.26974 0.0651,-2.44195 2.95861,3.09571 -4.05006,2.81265 -1.44236,-5.04312" />
      <path
         d="m 292.69229,112.79848 c 0,0 -0.77106,-1.3541 -0.69008,-2.16324 -0.64311,-1.57899 0.141,-2.32677 0.81911,-3.07036 0.6984,-0.76585 2.27124,-0.69256 3.59731,-1.11308 1.18768,-0.37664 2.44651,-0.38001 3.49446,-0.41754 1.10084,0.11365 1.55111,-0.1565 2.18109,-0.10768 0.65962,0.0511 1.41785,0.43194 1.41785,0.43194"
         fill="none"
         stroke="#29000a"
         stroke-width="2"
         stroke-linecap="round"
         id="path43"
         inkscape:original-d="m 292.69229,112.79848 c 0,0 -0.43353,-5.15091 3.48687,-6.39415 3.56305,-1.12992 7.31313,-0.20585 7.31313,-0.20585" />
      <path
         d="m 318.53257,82.5 c 0,0 -0.16132,0.229846 0.0885,0.995188 -0.0258,0.477478 0.25167,1.44297 0.84841,2.317096 0.51268,0.75099 1.68391,1.967901 2.28459,1.94913 0.36644,-0.01145 0.88328,-0.375666 1.64998,-0.902321 0.65157,-0.546864 1.70363,-1.266781 2.57886,-1.976834 0.84413,-0.699015 1.44034,-1.413802 2.03221,-1.92048 0.59437,-0.50881 1.23858,0.03685 1.23858,0.03685"
         fill="none"
         stroke="#29000a"
         stroke-width="2.5"
         stroke-linecap="round"
         id="path44"
         inkscape:original-d="m 318.53257,82.5 c 0,0 1.19871,5.18129 3.1485,5.12036 1.46577,-0.04581 7.51817,-5.45369 7.51817,-5.45369" />
      <path
         d="m 313.33333,117.16667 2.16132,-1.26352 1.93671,-1.06294 2.34374,-0.84943 2.3127,-0.6762"
         fill="none"
         stroke="#29000a"
         stroke-width="2.5"
         stroke-linecap="round"
         id="path45"
         inkscape:original-d="m 313.33333,117.16667 8.66667,-4" />
    </g>
  </g>
</svg>
<!--rotationCenter:71.866425396252:124.75162132457476-->

